Seed Dispersal Effectiveness by Two Bulbuls on Maesa lanceolata ...,https://journals.scholarsportal.info/details/00063606/v27i0004/479_sdebtblaamft.xml
bulbul/system_control.xml at master · alanshi/bulbul · GitHub,https://github.com/alanshi/bulbul/blob/master/res/layout/system_control.xml
1. Introduction - Hindawi.com,http://downloads.hindawi.com/journals/cripu/2019/9572790.xml
Developing of buffer-precipitation method for lead metaborate (Pb ...,https://www.degruyter.com/view/j/msp.ahead-of-print/msp-2019-0092/msp-2019-0092.xml%3Fformat%3DINT
lota/MySeekBarDemo/.idea/runConfigurations.xml · android-practise ...,https://server1.celloscope.net/anrahman/daily-lessons/-/blob/android-practise-project-by-lota/lota/MySeekBarDemo/.idea/runConfigurations.xml
mugdho/Alarm/.idea/codeStyles/Project.xml ... - GitLab,https://server1.celloscope.net/anrahman/daily-lessons/-/blob/03fc3b0f2ee1f4f0f826c6075f78bc503b26d3a8/mugdho/Alarm/.idea/codeStyles/Project.xml
Cold-Induced Calling and Shivering in Young American White ... - Brill,https://brill.com/view/journals/beh/129/1-2/article-p13_2.xml%3Flanguage%3Den
lota/CountryProfileDemo/app/src/main/AndroidManifest.xml · master ...,https://ahimms90.com/anrahman/daily-lessons/-/blob/master/lota/CountryProfileDemo/app/src/main/AndroidManifest.xml
women-ethnicwear-blouse-petticoat_0.xml - Snapdeal,https://www.snapdeal.com/sitemap/women-ethnicwear/women-ethnicwear-sarees-essential/women-ethnicwear-blouse-petticoat/women-ethnicwear-blouse-petticoat_0.xml
