[PPT] Word Power! - Mission Grove Primary School,https://www.missiongroveschool.com/attachments/download.asp%3Ffile%3D7575%26type%3Dpptx
[PPT] PowerPoint Presentation,https://cpb-us-e1.wpmucdn.com/cobblearning.net/dist/2/852/files/2014/02/Feb.-4-2jvwp0y.pptx
[PPT] PowerPoint Presentation - Addison Community Schools,https://www.addisonschools.org/wp-content/uploads/2020/05/Week-of-May-4th.pptx
