Coursework 3 The Process.mkv - GeeCloud - Study,https://study-cdn.guoch.xyz/Year%25203/CS/User%2520Interfaces/cw3/Coursework%25203%2520The%2520Process.mkv%3Fpreview
eps1.2_d3bug.mkv | Mr. Robot Wiki | Fandom,https://mrrobot.fandom.com/wiki/Eps1.2_d3bug.mkv
Dynamics of Hepatitis B Virus Capsid Protein Dimer Regulate ...,https://europepmc.org/articles/pmc8011827/bin/nihms1676466-supplement-movie_1.mkv
Watch Video Game Dos_xwing_gus_pnp - Page 61 - Shacknews,https://www.shacknews.com/ftp:/78.46.141.148/videos/dos_xwing_gus_pnp.mkv%3Fpage%3D61
Watch Video Game Dos_xwing_gus_pnp - Page 3 - Video Game ...,https://www.shacknews.com/ftp:/78.46.141.148/videos/dos_xwing_gus_pnp.mkv%3Fpage%3D3
Mr Robot S03E06 kill-process inc - CZ dabing.mkv - FastShare,https://www.fastshare.cz/20818253/mr-robot-s03e06-kill-process-inc-cz-dabing.mkv
File:No WR this run sorry.mkv - Viki - VSIX,https://vsix.dev/wiki/File:No_WR_this_run_sorry.mkv
MEO Cloud,https://meocloud.pt/link/7a7fc072-d964-481f-affd-b1548495a59b/Editor.mkv
