"Paravicino, the Gongoristic Poet - JSTOR",https://www.jstor.org/stable/pdf/3715684.pdf
"Juan Valera, Juanita la larga",https://www.jstor.org/stable/473264
[PDF] violence and poetic expression: - a study of the poetry of miguel ...,https://etd.ohiolink.edu/apexprod/rws_etd/send_file/send%3Faccession%3Dosu1291142637%26disposition%3Dinline
[PDF] Supreme Court Cake Case Verdict - Global Down Syndrome ...,https://www.globaldownsyndrome.org/wp-content/uploads/formidable/69/supreme-court-cake-case-verdict.pdf
[PDF] Lic Policy Status Through Policy Number,https://www.globaldownsyndrome.org/wp-content/uploads/formidable/69/lic-policy-status-through-policy-number.pdf
Authors' Introduction - De Gruyter,https://www.degruyter.com/document/doi/10.7312/badi15794-003/pdf
[PDF] Air Force Job Asvab Requirements,https://www.acltweb.org/wp-content/uploads/formidable/32/air-force-job-asvab-requirements.pdf
"bad, but has some Granadine qualities. One notices the lack of diph",https://search.proquest.com/openview/44a8a0e4f1f7726cb7c0747921156193/1.pdf%3Fpq-origsite%3Dgscholar%26cbl%3D1819145
[PDF] College and Research Libraries,http://crl.acrl.org/index.php/crl/article/viewFile/14199/15645
[PDF] Banfield Pet Hospital Mission Statement - Fine Art Restoration ...,https://fineart-restoration.co.uk/wp-content/uploads/formidable/3/banfield-pet-hospital-mission-statement.pdf
