to twaddle - Bab.la,https://fr.bab.la/conjugaison/anglais/twaddle/pdf
[PDF] Twaddle Past Tense - GrammarTOP.com,https://grammartop.com/twaddle-past-tense/%3Fpdf%3D90373
[PDF] GOMPERS TWADDLING—IF NOT WORSE. - Socialist Labor Party,http://www.slp.org/pdf/de_leon/eds1908/oct16_1908.pdf
"""Bleak House"" as a Revision of ""Jane Eyre"" - jstor",https://www.jstor.org/stable/3195452
Villette and Bleak House: Authorizing Women - jstor,https://www.jstor.org/stable/3044963
Newcomes,https://link.springer.com/content/pdf/10.1007/978-1-349-12025-3_2.pdf
[PDF] Solutions for Encouraging Spatial Data Producers to Co-Operate in ...,https://eurogeographics.org/wp-content/uploads/2019/06/2-SDQ2020_Solutions-for-Encouraging-Spatial-Data-Producers-to-Co-Operate-in-Harmonizing-National-Topographic-Data.pdf
REVIEWS 273 - The University of Chicago Press: Journals,https://www.journals.uchicago.edu/doi/pdf/10.1086/630038
"accomplish for him. Indeed, there is only - ScienceDirect.com",https://www.sciencedirect.com/science/article/pii/S0140673601526987/pdf%3Fmd5%3D30d37f9fc98634cd62df7d05046fd914%26pid%3D1-s2.0-S0140673601526987-main.pdf
Mrs. Lucky - De Gruyter,https://www.degruyter.com/document/doi/10.1515/9781400855537.4/pdf
"[PDF] Esther Summerson He is so original, such a stolid creatur",https://libres.uncg.edu/ir/uncw/f/barkerd2004-2.pdf
[PDF] On Magical Thought in the Veda,https://d-nb.info/1218975237/34
a Tale of the Fall of the Roman Republic. By William Stearns Davis ...,https://www.cambridge.org/core/services/aop-cambridge-core/content/view/EF5F4822DF6D4AC500B69121AB36B362/S0009840X00205635a.pdf/div-class-title-davisandapos-a-friend-of-caesar-a-friend-of-caesar-a-tale-of-the-fall-of-the-roman-republic-by-daviswilliam-stearns-new-york-the-macmillan-company-1900-div.pdf
[PDF] Twaddle nyt crossword - Iviltra,http://iviltra.lt/images/files/zafixugawug.pdf
[PDF] M ACHINISTS' M O N TH LY JOURNAL. - GSU Digital Collections,https://digitalcollections.library.gsu.edu/digital/api/collection/IAM/id/14257/download
"[PDF] Old Orchard Church September 6, 2020 – 9:00 a.m. 13th Sunday in ...",http://oldorchardchurch.org/s/September-6-2020.pdf
[PDF] Strutt's Australia - State Library Victoria,https://www.slv.vic.gov.au/sites/default/files/Strutt-exhibition-brochure.pdf
[PDF] Redcliffe Southern Times - South Carolina State Parks,https://southcarolinaparks.com/files/State%2520Parks%2520Files/Redcliffe%2520Plantation/RC_Mar%252015.pdf
"say, no,fcar! - BMJ",https://www.bmj.com/content/bmj/s1-4/2/33.1.full.pdf
[PDF] Expensing for Extraordinary Returns - University of Texas Law School,https://law.utexas.edu/faculty/publications/1969-Expensing-for-Extraordinary-Returns/download
[PDF] WARGAME FACILITATION,https://www.professionalwargaming.co.uk/facilitation.pdf
[PDF] LXIIId YEAR.,https://msa.maryland.gov/megafile/msa/speccol/sc4800/sc4872/001286/pdf/m1286-0616.pdf
[PDF] Allen A-Dale Paddy C arey Ma Chere Amie,https://digital.library.mcgill.ca/chapbooks/pdfs/PN970_M3765_G37_1800-003594131.pdf
[PDF] the 101 Poetry and Art Magazine - National Park College,https://np.edu/academics/arts-humanities/documents/the-101-poetry-book-19-20.pdf
"[PDF] ""Why Work?"" by Dorothy Sayers - Villanova University",https://www1.villanova.edu/content/dam/villanova/mission/faith/Why%2520Work%2520by%2520Dorothy%2520Sayers.pdf
[PDF] The Journal of the Sylvia Townsend Warner Society - ScienceOpen,https://www.scienceopen.com/document_file/b0af2a4e-bfd9-44de-8de3-a93d91ff9ce9/ScienceOpen/stw21010005.pdf
[PDF] Kentucky Law Journal Editorials - UKnowledge,https://uknowledge.uky.edu/cgi/viewcontent.cgi%3Farticle%3D5140%26context%3Dklj
[PDF] SAN JOSE - Granicus,http://sanjose.granicus.com/MetaViewer.php%3Fmeta_id%3D564123
Our Ontario,https://images.ourontario.ca/Partners/RLC/RLC0022954100041pf.pdf
[PDF] Snmmsii t MernlD - Chronicling America,https://chroniclingamerica.loc.gov/lccn/sn86063730/1928-07-19/ed-1/seq-4.pdf
Abnormal Movements and Prognosis in Schizophrenia,https://ajp.psychiatryonline.org/doi/pdf/10.1176/ajp.128.3.317
[PDF] Materialising meaning: Samuel Taylor Coleridge and George Eliot,https://chesterrep.openrepository.com/bitstream/handle/10034/269859/jenny%2520louise%2520davis.pdf%3Fsequence%3D6%26isAllowed%3Dy
[PDF] City of San Jose,http://www3.sanjoseca.gov/clerk/CommitteeAgenda/Rules/20110525/rules20110525_f.pdf
From Nineveh to Fars - Brill,https://brill.com/downloadpdf/journals/scri/aop/article-10.1163-18177565-BJA10036/article-10.1163-18177565-BJA10036.xml
"[PDF] The poetical works of John Struthers, with autobiography",https://electricscotland.com/history/other/poeticalworks01.pdf
[PDF] Defining the Term and Content Nation (A Necessary Condition for ...,https://www.ejournals.eu/pliki/art/7246/
[PDF] Orchard Software Corporation Newsletter for Summer 2003,https://www.orchardsoft.com/wp-content/uploads/2021/03/orchard-software-newsletter-2003-summer.pdf
[PDF] Wordsworth and the Victorians - UNL Digital Commons,https://digitalcommons.unl.edu/cgi/viewcontent.cgi%3Farticle%3D1329%26context%3Dger
Mapping affective circuits of a Twitter trolling attack against feminist ...,https://www.tandfonline.com/doi/pdf/10.1080/09518398.2022.2098410
[PDF] The Stellenbosch Mafia Inside The Billionaire SC,https://m.central.edu/The_Stellenbosch_Mafia_Inside_The_Billionaire_S_C/fulldisplay%3Fx%3DL6J5S0
