https://clixbuy.co.uk/ 2022-05-22T03:05:45+09:00 weekly 0.9 https ...,https://clixbuy.co.uk/news/rss.xml
http://dict.cn/you%20can%20squeeze%20through%20sideways ...,http://dict.cn/sitemap/sitemap_21_20.xml
