Things That Seemed Important At The Time - Buzzsprout,https://feeds.buzzsprout.com/1748689.rss
GoHealth Podcast - Audioboom,https://audioboom.com/channels/5028411.rss
Faculty of Social Sciences » Events,http://defygravitycampaign.chinadnscom.com/sitebuilder2/api/rss/news.rss%3Fpage%3D/fac/soc/newsandevents/events/%26rss%3Dtrue%26view%3Dlatest
