Fiddlesticks/LoL/Audio - League of Legends Wiki - Fandom,http://leagueoflegends.wikia.com/wiki/File:Fiddlesticks_Original_E_1.ogg
Databank (Subnautica),http://subnautica.wikia.com/wiki/File:DeepPDA1.ogg
File:Park Hyang-rim - Oppaneun punggakjaeng-i.ogg - Wikipedia,https://en.wikipedia.org/wiki/File:Park_Hyang-rim_-_Oppaneun_punggakjaeng-i.ogg
Merano | Military Wiki - Fandom,https://military.wikia.org/wiki/File:Merano.ogg
파일:Park Hyang-rim - Oppaneun punggakjaeng-i.ogg - 위키문헌,https://ko.wikisource.org/wiki/%25ED%258C%258C%25EC%259D%25BC:Park_Hyang-rim_-_Oppaneun_punggakjaeng-i.ogg
