[XLS] c_all - date gov,http://date.gov.md/ro/system/files/resources/2015-02/company.xlsx
[XLS] c_all - date gov,http://date.gov.md/ro/system/files/resources/2015-03/company.xlsx
