Download TortoiseSVN from SourceForge.net,https://jaist.dl.sourceforge.net/project/tortoisesvn/1.9.4/Application/TortoiseSVN-1.9.4.27285-x64-svn-1.9.4.msi
Download Subversion for Windows from SourceForge.net,http://nchc.dl.sourceforge.net/project/win32svn/1.7.4/Setup-Subversion-1.7.4.msi
Surge.msi | Near Pure Evil Wiki - Fandom,https://near-pure-evil.fandom.com/wiki/Surge.msi
{ Download Page } - Zero Upload - Upload Files - Zero DMCA,https://zeroupload.com/f5298da67b1b442f/ScreenToGif.2.34.Setup.msi
Download Ghostegro - View Hidden Instagram Accounts tips,https://apkamp.com/ghostegro.pro.msi
Realtek HD Audio 2.82 driver download - Guru3D.com,https://www.guru3d.com/files-details/realtek-hd-audio-2-79-driver-download.html.MSI
Class OSPolicy.Types.Resource.Types.PackageResource.Types.MSI,https://cloud.google.com/dotnet/docs/reference/Google.Cloud.OsConfig.V1Alpha/latest/Google.Cloud.OsConfig.V1Alpha.OSPolicy.Types.Resource.Types.PackageResource.Types.MSI
Class OSPolicy.Resource.PackageResource.MSI | Java client library,https://cloud.google.com/java/docs/reference/google-cloud-os-config/latest/com.google.cloud.osconfig.v1alpha.OSPolicy.Resource.PackageResource.MSI
Secunia PSI for Android - APK Download,https://apkpure.com/secunia-psi/com.secunia.msi
