[PPT] Effects of Prenatal Dexamethasone on the Rat Pituitary Gland and ...,https://www.karger.com/Article/Powerpoint/443987
[PPT] Putative Mediators of Olfactory Control of the Gonadotropic Axis,https://www.karger.com/Article/Powerpoint/445895
[PPT] Reproductive Endocrinology,https://acikders.ankara.edu.tr/mod/resource/view.php%3Fid%3D91654
[PPT] Lecture 1 Hypothalamic and pituitary gonadal axis - KSUMSC,https://ksumsc.com/download_center/Archive/2nd/435/4-Reproductive%2520block/Females/Physiology/1-Hypothalamic%2520and%2520pituitary%2520gonadal%2520axis.pptx
[PPT] Lecture 1 Hypothalamic and pituitary gonadal axis - KSUMSC,http://ksumsc.com/download_center/Archive/2nd/433/04%2520Reproductive%2520Block/Female/Physiology/L1-Hypothalamic%2520and%2520pituitary%2520gonadal%2520axis.pptx
[PPT] Endocrine Glands and Organs that Secrete Hormones,https://www.napavalley.edu/people/pthai/Documents/NVC_Bio105_lect12_endocrine_BLM.pptx
[PPT] Posterior Pituitary Gland and Its Relation to the Hypothalamus,https://uomustansiriyah.edu.iq/media/lectures/6/6_2018_12_13!01_38_02_AM.pptx
[PPT] Dr. Noori Mohammed Luaibi,https://uomustansiriyah.edu.iq/media/lectures/6/6_2017_12_06!09_06_08_PM.pptx
[PPT] Menopause,https://conursing.uobaghdad.edu.iq/wp-content/uploads/sites/20/2021/01/Menopause.pptx
