sitemap-main.xml - The Camping and Caravanning Club,https://www.campingandcaravanningclub.co.uk/sitemap-main.xml
Freedom Camping - Elgaronline,https://www.elgaronline.com/view/nlm-book/9781800377479/b-9781800377486.freedom.camping.xml
"Caravan, Camping & Motorhome Show 23rd - Cre8media Ltd",https://www.cre8media.net/podcastfeeds/caravancampingmotorhomeshow.xml
Motorhome & Caravan Show 13-18 October 2015 - Cre8media Ltd,https://www.cre8media.net/podcastfeeds/motorhomeandcaravanshow.xml
SFC Energy unveils new mobile consumer EFOY GO! solution ...,https://journals.scholarsportal.info/details/14642859/v2018i0009/6_seunmcegs.xml
Entry Farm Tourism - SAGE Knowledge,https://sk.sagepub.com/reference/the-sage-international-encyclopedia-of-travel-and-tourism/i5064.xml
marc.xml - University of Florida,https://ufdcimages.uflib.ufl.edu/AA/00/06/17/81/00001/marc.xml
Trans-Saharan Trade - African Studies - Oxford Bibliographies,https://www.oxfordbibliographies.com/view/document/obo-9780199846733/obo-9780199846733-0009.xml
image-sitemap-5.xml - Caravan Guard,https://www.caravanguard.co.uk/news/image-sitemap-5.xml
