[DOC] 1 - Bat World Sanctuary,https://batworld.org/wp-content/uploads/2011/03/BR-Bat-Quiz1.doc
[DOC] TRUE/FALSE,https://schoolwires.henry.k12.ga.us/cms/lib/GA01000549/Centricity/Domain/3287/Competitive%2520Events/2000_Word_Processing_II.doc
[DOC] Safety and Health Management Quiz,https://www.michigan.gov/documents/dleg/wsh_fall08_263283_7.doc
"[DOC] Preventing Slips, Trips, and Falls: A Guide for Employees",https://safety.blr.com/handlers/RenderDocument.ashx%3Fid%3D78129
[DOC] Hazard Communication and GHS—What Employees Need to Know,https://safety.blr.com/handlers/renderdocument.ashx%3Fid%3D125474
[DOC] True/False Questions,"https://mymission.lamission.edu/userdata/reyesch/docs/Mod%25203%2520Practice%2520test%2520(T.F%2520MC,%2520Fill%2520in)%2520KEY.doc"
[DOC] True & False Questions,ftp://ftp.gmu.edu/sdemonsa/USE-455/test1_~1.doc
[DOC] True/False Number Sentences,https://ca01000043.schoolwires.net/cms/lib/CA01000043/Centricity/Domain/172/math_elementary/True-False%2520Number%2520Sentences.doc
[DOC] TEST YOUR WORKPLACE HARASSMENT IQ,https://www.nrcs.usda.gov/Internet/FSE_DOCUMENTS/nrcs142p2_005489.doc
[DOC] Quiz #1 - FEMA Training,https://training.fema.gov/hiedu/docs/polpolbasis/political%2520and%2520policy%2520basis%2520-%2520quiz%25201%2520-%2520sessions%25201-8.doc
[DOC] Forklift Safety Learning Exercise,https://www.ruan.com/filesimages/safety-site/General%2520Safety%2520Training/Forklift%2520Safety%2520Learning%2520Exercise.doc
[DOC] Chapter 3 questions - Blackwell Publishing,https://www.blackwellpublishing.com/content/sani/Testquestions/Chapter%25204%2520test%2520questions.doc
[DOC] Chapter 10 questions - Blackwell Publishing,https://www.blackwellpublishing.com/content/sani/Testquestions/Chapter%252010%2520test%2520questions.doc
[DOC] True Crime Discussion Questions - Key.doc,http://www.oleanschools.org/cms/lib/NY19000263/Centricity/Domain/232/True%2520Crime%2520Discussion%2520Questions%2520-%2520Key.doc
[DOC] LOYAL & TRUE - AWS,https://core-docs.s3.amazonaws.com/documents/asset/uploaded_file/398148/Loyal_and_True.doc
[DOC] TRUE/FALSE,https://www.hart.k12.ky.us/userfiles/1085/Classes/22172/Business%2520Law%2520Practice%2520Test%25201.doc
[DOC] CREATIVE THINKING - Tulsa Community College,http://www.tulsacc.edu/sites/default/files/Critical%2520Thinking.doc
[DOC] Plagiarism Quiz - Cal Poly Pomona,https://www.cpp.edu/~smemerson/business318/PLAGARISM%2520101%2520answers.doc
[DOC] Below are the results of the ballot tally that was completed tonight,http://www.aaup.org/sites/default/files/files/ResultsofAAUPBallotTally.doc
[DOC] Birthplace - PhenX Toolkit:,https://www.phenxtoolkit.org/toolkit_content/supplemental_info/suicide/measures/Psychosis.doc
[DOC] Questions on Topic Four: Exploring Bivariate Data - Fort Bend ISD,https://www.fortbendisd.com/site/handlers/filedownload.ashx%3Fmoduleinstanceid%3D42094%26dataid%3D111130%26FileName%3DReview%2520Chapter%25206%25207%25208.doc
[DOC] MULTIPLE CHOICE QUESTIONS Frankenstein,http://twilinski.weebly.com/uploads/5/6/6/9/5669663/frankenstein_chptrs_multiple_choice_questions.doc
"[DOC] Always True to the Object, in Our Fashion",https://www.csus.edu/indiv/o/obriene/art7/readings/Vogel%2520Always%2520True.doc
[DOC] Part I: True/False and Multiple Choice (2 points each),https://www.ssc.wisc.edu/~schaeffe/soc360/mock.doc
[DOC] G.CO.C.9.CompoundStatements - JMAP,https://jmap.org/Worksheets/G.CO.C.9.CompoundStatements2.doc
[DOC] AP Statistics… Graphical Displays Review,https://www.cusd80.com/cms/lib/AZ01001175/Centricity/Domain/2188/Graphical%2520Display%2520Review-Key.doc
[DOC] Unit 4 Exam: Thermochemistry (Ch,http://www.murrieta.k12.ca.us/cms/lib5/ca01000508/centricity/domain/1752/unit_4_exam_mult_choice_0910_ans_key.doc
"[DOC] Section 1: Atoms, Elements, and Compounds Study Guide",http://www.nhvweb.net/nhhs/science/cgallo/files/2011/08/Chapter-6-study-guide-key.doc
[DOC] Chapter 3 Practice Test Answer Key - ______,https://www.fsusd.org/cms/lib03/CA01001943/Centricity/Domain/1612/Ch%25203%2520practice%2520test%2520answer%2520key.doc
[DOC] BLOOD-BORNE PATHOGENS QUIZ A,https://miningquiz.com/More_Quizzes/QUIZ_BloodbornePathogens4Answers.doc
