[PPT] FUELED NOTES,https://www.clevelandmetroschools.org/cms/lib05/OH01915844/Centricity/Domain/28/2018%2520FuelEd%2520PP.pptx
[PPT] Fueled to Fight Stoplight System,https://www.marforres.marines.mil/Portals/116/Docs/MCCS/SemperFit/FueledtoFightBrief.pptx
[PPT] Presentation Template,https://www.ok.gov/dcs/searchdocs/app/manage_documents.php%3Fatt_id%3D14666
[PPT] DNA Reaction Networks Fueled by Strand ... - Duke Computer Science,https://users.cs.duke.edu/~reif/courses/molcomplectures/DNA.HybridizationReactions/DNAreactionnetworks_HieuBui/DNAreactionnetworks_HieuBui.pptx
[PPT] DNA Reaction Networks Fueled by Strand ... - Duke Computer Science,https://users.cs.duke.edu/~reif/courses/molcomplectures/DNA.Thermodynamics%26Kinetics/LocalizedKinetics/LocalizedKinetics.pptx
[PPT] PPT template and instructions - National Grid,https://www.nationalgrid.com/document/147201/download
[PPT] Strategic Sourcing in GSA,https://www.gsa.gov/cdnstatic/Sustainable_travel_policies.pptx
[PPT] PowerPoint Presentation - GSA,https://www.gsa.gov/cdnstatic/Federal%2520Fleet%2520AFV%2520Compliance%2520and%2520Offerings.pptx
[PPT] PowerPoint Presentation - California Public Utilities Commission,https://www.cpuc.ca.gov/-/media/cpuc-website/files/legacyfiles/v/6580-vgi-financing-workshop-overview.pptx
[PPT] The data-fueled car,https://www.sic.gov.co/sites/default/files/files/Eventos/2018/PRESENTACIoN_PHILIPPA_LAWSON.pptx
