[PDF] Outstanding Loan Balances and Nonlevel Annuities,https://web.ma.utexas.edu/users/mcudina/Section3_6.pdf
[PDF] Non-level payment annuities and perpetuities,http://people.math.binghamton.edu/arcones/exam-fm/sect-3-4.pdf
[PDF] Non-level premiums and/or benefits. - Manual for SOA Exam MLC.,http://people.math.binghamton.edu/arcones/exam-mlc/sect-6-8.pdf
[PDF] valuation of life insurance policies model regulation - NAIC,https://content.naic.org/sites/default/files/MO830.pdf
Moving-cell vehicle control over nonlevel terrain - IEEE Xplore,https://ieeexplore.ieee.org/iel5/9/24133/01100378.pdf
[PDF] THE INSURANCE CODE OF 1956 (EXCERPT) Act 218 of 1956 ...,http://www.legislature.mi.gov/(S(jinzcmqoo2ruej45ymoluw55))/documents/mcl/pdf/mcl-500-838.pdf
[PDF] Non Level Payment Schedule Version 7.1 - Ginnie Mae,https://www.ginniemae.gov/issuers/issuer_training/Documents/non_level_payment_schedule.pdf
[PDF] ISSUER QUICK REFERENCE CARD - Ginnie Mae,https://www.ginniemae.gov/issuers/issuer_training/Documents/qrc_mfpdm_4_3_2_add_modify_delete_nonlevel_payment_provsions.pdf
[PDF] Non-Level Rents: Issues and Opportunities Detailed Analysis,https://www.ivorycc.com/sites/default/files/Non-Level%2520Rents%2520Issues%2520and%2520Opportunities.pdf
[PDF] statutory reserves for nonlevel-premium policies - SOA.org,https://www.soa.org/library/research/transactions-of-society-of-actuaries/1990-95/1990/january/tsa90v424.pdf
Existence of Minimizers for NonLevel Convex Supremal Functionals,https://epubs.siam.org/doi/pdf/10.1137/13094390X
[PDF] 58-7-22. Term and universal life insurance reserve financing.,https://www.ncleg.gov/EnactedLegislation/Statutes/PDF/BySection/Chapter_58/GS_58-7-22.pdf
IDAHO DEPARTMENT OF INSURANCE Comp,https://adminrules.idaho.gov/rules/current/18/180703.pdf
[PDF] Rule 735 BSSOC - Maine.gov,https://www.maine.gov/pfr/insurance/sites/maine.gov.pfr.insurance/files/inline-files/735-basis-statement-and-summary-of-comments.pdf
[PDF] Michael P. McNally. POSITIVE VS. NEGATIVE MUSCLE WORK OF ...,http://thescholarship.ecu.edu/bitstream/handle/10342/2715/McNally_ecu_0600M_10145.pdf
Development of Guidelines for Placement of Longitudinal Barriers ...,http://tti.tamu.edu/documents/TTI-1983-ID1985.pdf
[PDF] What is the minimum width needed for a non-level boarding ra,https://railroads.dot.gov/sites/fra.dot.gov/files/fra_net/15271/What%2520is%2520the%2520Minimum%2520Width%2520for%2520Non-Level%2520Boarding.pdf
[PDF] Ballistics on Non-Level Ground - Henderson State University,https://hsu.edu/uploads/pages/2000-1afballistics_on_non.pdf
"The ""Non-Level Concept"" and Its Potential for Curricular Innovation",https://www.jstor.org/stable/45173085
"[PDF] SR-288 & Alabama St, Houston, TX 77004",https://ftp.dot.state.tx.us/pub/txdot-info/hou/sh288_toll_lanes/project_documents/utilities/existing/sh-288-existing-utility-level-3-communications-no-conflict.pdf
