[DOC] Napoleon and his reforms - Commack Schools,https://www.commackschools.org/Downloads/napolen.docx
[DOC] COOL SCHOOLS What is the Polar Plunge? This cool event is like ...,https://www.sook.org/wp-content/uploads/2017/11/2018-Cool-School.docx
[DOC] Insects - IPM Florida,http://ipm.ifas.ufl.edu/pdfs/PDHotline_2_14_11.docx
[DOC] Footprints of Freedom Unit - UCI History Project,https://historyproject.uci.edu/files/2016/03/10.2_DBQ_Revolutions.docx
"[DOC] Transpersonal Hypnotherapy - Classroom_209_Video 2 Mon, 11/16 ...",https://www.instituteofhypnotherapy.com/wp-content/uploads/2020/11/Classroom_209_Video-2.docx
[DOC] Goertzel-episode.docx - Eye On AI,https://www.eye-on.ai/s/Goertzel-episode.docx
[DOC] Abandonment-to-Divine-Providence.docx,https://spiritualreading.co.za/wp-content/uploads/2020/06/Abandonment-to-Divine-Providence.docx
