File:en-us-forests.ogg - Wiktionary,https://en.wiktionary.org/wiki/File:en-us-forests.ogg
File:en-us-forest.ogg - Simple English Wiktionary,https://simple.wiktionary.org/wiki/File:en-us-forest.ogg
File:En-us-forests.ogg - Wikimedia Commons,https://commons.wikimedia.org/wiki/File:En-us-forests.ogg
File:Forest track 3.ogg - Wikimedia Commons,https://commons.wikimedia.org/wiki/File:Forest_track_3.ogg
File:The Bryansk Forest Sternly Stirred.ogg - Wikipedia,https://en.wikipedia.org/wiki/File:The_Bryansk_Forest_Sternly_Stirred.ogg
Maokai/LoL/Audio | League of Legends Wiki - Fandom,http://leagueoflegends.wikia.com/wiki/File:Maokai.move06.ogg
Seaglide (Subnautica),http://subnautica.wikia.com/wiki/File:SeaglideVO.ogg
"File:In the Forest.ogg - Wikisource, the free online library",https://en.wikisource.org/wiki/File:In_the_Forest.ogg
Nord-Trøndelag - Familypedia - Fandom,https://familypedia.wikia.org/wiki/File:Nord-Trondelag.ogg
Ogg by Bob Jones - Goodreads,https://www.goodreads.com/book/show/749789.Ogg%3Ffrom_choice%3Dfalse%26from_home_module%3Dfalse
