[DOC] title24-Ach54-A.docx - Maine Legislature,https://legislature.maine.gov/statutes/24-A/title24-Ach54-A.docx
[DOC] title24-Asec784.docx - Maine Legislature,http://legislature.maine.gov/statutes/24-A/title24-Asec784.docx
"[DOC] MRS Title 24-A, §3952. DEFINITIONS MRS Title 24-A, §3952 ...",http://www.mainelegislature.org/legis/statutes/24-A/title24-Asec3952.docx
[DOC] White Paper - NAIC,https://content.naic.org/sites/default/files/inline-files/10-22-21%2520White%2520Paper%2520co-chair%2520draft%2520exposure.docx
[DOC] Statutory Issue Paper No - NAIC,https://naic.org/documents/cmte_e_app_sapwg_exposure_17-28_62R.docx
[DOC] INSURANCE CODE TITLE 6. ORGANIZATION OF INSURERS AND ...,https://statutes.capitol.texas.gov/GetStatute.aspx%3FDocumentType%3DWord%26Value%3DIN.912
[DOC] INSURANCE CODE TITLE 4. REGULATION OF SOLVENCY ...,https://statutes.capitol.texas.gov/GetStatute.aspx%3FDocumentType%3DWord%26Value%3DIN.422
[DOC] 114CSR40 114CSR40 TITLE 114 WEST VIRGINIA EMERGENCY ...,https://apps.sos.wv.gov/adlaw/csr/readfile.aspx%3FDocId%3D50995%26Format%3DWORD%26KeyWord%3D
[DOC] Word - South Carolina Legislature,https://www.scstatehouse.gov/getfile.php%3FTYPE%3DCODEOFLAWS%26TITLE%3D38%26CHAPTER%3D19
[DOC] RSK3701 essay_quetions - GimmeNotes,https://gimmenotes.co.za/wp-content/uploads/2019/01/RSK3701-essay_quetions.docx
