Chapter 8 Of That Knowlage Whiche Maketh a Wise Man: Text in - Brill,https://brill.com/view/book/edcoll/9789004365162/BP000009.xml
Of ThatKnowlageWhicheMakethaWiseMan : Text - Brill,https://brill.com/downloadpdf/book/edcoll/9789004365162/BP000009.xml
[PDF] ESEARCH PAPERS - Sciendo,http://sciendo.com/downloadpdf/journals/rput/25/41/article-p71.xml
5 Bones and bays: on with The Knight's Tale - ManchesterHive,https://www.manchesterhive.com/downloadpdf/9781526103154/9781526103154.00011.xml
Conseil de famille (1986) and La petite apocalypse (1993),https://www.manchesterhive.com/downloadpdf/9781526146939/9781526146939.00015.xml
"rss2.xml - Left, Right and Centre - Podomatic",https://leftrightandcentre.podomatic.com/rss2.xml
sitemap-article-2017-20.xml - Edinburgh News,https://www.edinburghnews.scotsman.com/sitemap-article-2017-20.xml
sitemap-articles-day~2012-07-06.xml - Daily Mail,https://www.dailymail.co.uk/sitemap-articles-day~2012-07-06.xml
https://download.cnet.com/esbstats-statistical-analysis-software ...,https://download.cnet.com/sitemaps/products/1315000-1000.xml
sitemap_32.xml - Advanced Uninstaller PRO,https://www.advanceduninstaller.com/sitemap/sitemap_32.xml
sitemap-softwares-7.xml - StandaloneInstaller.com,https://standaloneinstaller.com/sitemap-softwares-7.xml
sitemap4.xml,https://heb.download-org.com/sitemaps/heb/sitemap4.xml
sitemap4.xml,https://slk.download-org.com/sitemaps/slk/sitemap4.xml
