Some Daltonian Doubts - JStor,https://www.jstor.org/stable/228647
Has Daltonian Atomism Provided Chemistry with Any ... - JSTOR,https://www.jstor.org/stable/10.1086/428008
The Origin of Dalton's Chemical Atomic Theory - The University of ...,https://www.journals.uchicago.edu/doi/pdfplus/10.1086/350077
Has Daltonian Atomism Provided Chemistry with Any Explanations?,https://www.journals.uchicago.edu/doi/pdf/10.1086/428008
"Newton, Gases, and Daltonian chemistry",http://www.tandfonline.com/doi/pdf/10.1080/00033797400200461
Haüy's Model of Chemical Equivalence: Daltonian Doubts Exhumed,https://www.tandfonline.com/doi/pdf/10.1179/amb.1970.17.3.182
[PDF] DALTONIAN RANKS WITH BETTER NEW YORK NEWSPAPERS,https://bbk12e1-cdn.myschoolcdn.com/ftpimages/98/misc/misc_237632.pdf
L. A. WHZTP ATOMS OR AFFINITIES? THE AMBIVALENT ...,https://www.sciencedirect.com/science/article/pii/003936819090015Z/pdf%3Fmd5%3Dd75ae635e0445d7134a8c0f9252f46e9%26pid%3D1-s2.0-003936819090015Z-main.pdf
[PDF] The new physiology of vision-Chapter XXXIX. Daltonian colour vision,https://core.ac.uk/download/pdf/291563947.pdf
International Union of Chemistry - RSC Publishing,https://pubs.rsc.org/en/content/articlepdf/1940/an/an9406500509
[PDF] Daltonian recommends using the Carpet and Rug Institute's CRI 104 ...,https://division9.com/pdf/Daltonian-Dbl-Stick-Installation-090115.pdf
john dalton and the london atomists: william and bryan higgins ...,https://royalsocietypublishing.org/doi/pdf/10.1098/rsnr.2014.0025
[PDF] The Epistemic Value of Dalton's Theory of Atoms By: Samuel Schindler,https://scholarworks.iu.edu/dspace/bitstream/handle/2022/26134/The%2520Epistemic%2520Value%2520of%2520Dalton.pdf%3Fsequence%3D1%26isAllowed%3Dy
[PDF] Dalton Community Letter - The Washington Spectator,https://washingtonspectator.org/wp-content/uploads/2021/06/Dalton-Community-Letter.pdf
[PDF] DURO-LOC COMMERCIAL MATS AND LOGO MATS - LSI Flooring Inc,https://www.lsiflooring.com/files/forms/Daltonian%2520Log%2520Mat%2520Page.pdf
Statement of Performance - Spray-Lock,https://spraylock.com/Resources/SOP/D/Daltonian/Daltonian_SBVinyl_6500_SOP.pdf
673 - Cambridge University Press,https://www.cambridge.org/core/services/aop-cambridge-core/content/view/BD308ECF3A60755FDC035F0591947BA8/S0022481200020107a.pdf/div-class-title-edsger-w-dijkstra-and-carel-s-scholten-span-class-italic-predicate-calculus-and-program-semantics-span-texts-and-monographs-in-computer-science-springer-verlag-new-york-berlin-heidelberg-etc-1990-xi-220-pp-div.pdf
[PDF] Is Color Vision Deficiency an Advantage under Scotopic Conditions?,http://vision.psychol.cam.ac.uk/jdmollon/papers/SimunovicReganMollon.pdf
"[PDF] in the circuit court of etowah county, alabama - Gadsden Water ...",https://gadsdenwater.org/files/GWWSB_FiledComplaint_09222016.pdf
"w. balzer,' c.-u. moulines and jd sneed - the structure of daltonian",https://search.proquest.com/openview/9b2ea12733992e576f34ff6c84ee4fe6/1.pdf%3Fpq-origsite%3Dgscholar%26cbl%3D1818396
