[PPT] WEEK 3 TOPIC: Methods of Printing,https://bowenstaff.bowen.edu.ng/lectureslides/1585639928.pptx
[PPT] Electrometallurgical & Electro Agro Systems Effects Of Electric Current,http://www.pcpolytechnic.com/entc/ppt/electrometallurgical%2520%26%2520electro%2520agro%2520systems.pptx
[PPT] Electrotyping Galvanoplasty Electroforming Гальванопластика ...,https://pps.kaznu.kz/kz/Main/FileShow2/178837/73/1/3416/2019//
