[DOC] SP.007 - Ficin Treatment RBC - Transfusion Ontario,https://transfusionontario.org/wp-content/uploads/2020/08/SP.007-Antibody-Identification-Using-Ficin-Treated-Cells.docx
"[DOC] Technical Manual, 20th Edition: Methods and Appendices - AABB.org",https://www.aabb.org/docs/default-source/default-document-library/publications/technical-manual-20th-edition-methods-and-appendices.docx%3Fsfvrsn%3D8c9876fe_2
[DOC] Antibody Screening and Identification Test Methods,https://www.pathology.health.nsw.gov.au/ArticleDocuments/186/NSWHP_PR_062%2520-%2520Antibody%2520Screening%2520and%2520Identification%2520Test%2520Methods.docx.aspx
[DOC] CASE # - The Indian Immunohematology Initiative,https://www.indianinitiative.org/wp-content/uploads/2019/09/Featured-Case-19-01.Sept-2018-COM.docx
[DOC] CASE # - The Indian Immunohematology Initiative,https://www.indianinitiative.org/wp-content/uploads/2019/09/Featured-Case-19-01.Answers.docx
[DOC] Hazardous Waste Management Plan - UAH,https://www.uah.edu/images/OEHS/environmentalsafety/manuals/HAZARDOUS_WASTE_MANAGEMENT_PLAN.docx
[DOC] Food additives - alphabetical May 2019.docx,https://www.foodstandards.gov.au/consumer/additives/additiveoverview/Documents/Food%2520additives%2520-%2520alphabetical%2520May%25202019.docx
[DOC] A1131 Approval Report.docx - Food Standards,https://www.foodstandards.gov.au/code/applications/Documents/A1131%2520Approval%2520Report.docx
[DOC] Fetalscreen.docx - Skills Commons,https://www.skillscommons.org/bitstream/handle/taaccct/3877/Fetalscreen.docx%3Fsequence%3D24%26isAllowed%3Dy
[DOC] VA256-14-R-1120-004.docx - VA Vendor Portal,https://www.vendorportal.ecms.va.gov/FBODocumentServer/DocumentServer.aspx%3FDocumentId%3D1644873%26FileName%3DVA256-14-R-1120-004.docx
[DOC] Special Notice - VA Vendor Portal,https://www.vendorportal.ecms.va.gov/FBODocumentServer/DocumentServer.aspx%3FDocumentId%3D5130228%26FileName%3D36C25619Q1450-000.docx
[DOC] https://gain.fas.usda.gov/Download.aspx?p=129&q=f7...,https://gain.fas.usda.gov/Download.aspx%3Fp%3D129%26q%3Df7a51817-ec0a-4689-8f8f-18d99f4e3515
[DOC] Attachment-DR-1578.docx - AWS,https://arccarticles.s3.amazonaws.com/arcc/Attachment-DR-1578.docx
[DOC] Statement of Compliance with US FDA Food Contact Regulations - 3E,https://www.verisk3e.com/sites/default/files/Email%2520Marketing%2520Files/US_FDA_Food_Contact_Compliance.docx
[DOC] The use of GMDN codes for IVD medical devices in Australia,https://www.tga.gov.au/sites/default/files/ivd-gmdncodes.docx
[DOC] https://acikders.ankara.edu.tr/mod/resource/view.p...,https://acikders.ankara.edu.tr/mod/resource/view.php%3Fid%3D72136
[DOC] Hazardous Waste Management Manual,https://risk.uni.edu/sites/default/files/hazardous_waste_manual_appendix.docx
[DOC] https://www.researchgate.net/profile/James-White-3...,https://www.researchgate.net/profile/James-White-31/publication/349771204_Categories_of_various_plant_biostimulants_-_mode_of_application_and_shelf-life/links/6046596b299bf1e07865f248/Categories-of-various-plant-biostimulants-mode-of-application-and-shelf-life
[DOC] CFR-2016-title21-vol3,https://www.flrules.org/gateway/readRefFile.asp%3FrefId%3D11761%26filename%3DCFR-2016-title21-vol3-part184.docx
[DOC] Work with Asthmagens - Queen's University Belfast,"https://www.qub.ac.uk/directorates/EstatesDirectorate/UniversitySafetyService/FileStore/WordandExcelDocuments/Filetoupload,767566,en.docx"
"[DOC] Medicine, Life, and Transformations of Matter 1500-1800 - SFB 980",http://www.sfb-episteme.de/_media/Veranstaltungsmaterlialien/B-assozP/CfP-Medicine-Life-Transformations-1500-1800.docx
[DOC] Annex Part 3.docx - Chemical Watch,http://files.chemicalwatch.com/Annex%2520Part%25203.docx
[DOC] Amino Acids and Vitamins Lysine Demand - Chemexcil,https://chemexcil.in/uploads/files/1_Agri_Products.docx
[DOC] Food packaging - Glacier Journal Of Scientific Research,http://www.glacierjournal.org/upload/papers/1440247081-nanotechnology.doc
[DOC] Apologie de Socrate - Prima elementa,https://www.prima-elementa.fr/Woitrain/Platon-apologie-Socrate.docx
[DOC] 8.- E-MAIL: Venecia_alvarez@hotmail.com - IPBES,https://ipbes.net/resource-file/7360
[DOC] Washing Cells and Making Red Cell Suspension,https://fac.ksu.edu.sa/sites/default/files/441_lab_immunohaematology_0.docx
[DOC] Final_B.Pharm_Syllabus_060716.docx - ICT - MUMBAI,https://www.ictmumbai.edu.in/uploaded_files/Final_B.Pharm_Syllabus_060716.docx
[DOC] Syllabus-for-Test-against-Advt-No.-02by12by2021-.docx - DSEU,https://dseu.ac.in/wp-content/uploads/2022/07/Syllabus-for-Test-against-Advt-No.-02by12by2021-.docx
[DOC] Tobacco Plant Extracts As Corrosion Inhibitors - Prexams.com,https://cdn.prexams.com/6781/Abstracts-formatted.docx
