078 Georgia carpet maker sentenced for mislabeling carpeting,https://www.justice.gov/archive/opa/pr/1996/February96/078.txt
tal320b.txt,https://www.justice.gov/crt/foia/readingroom/frequent_requests/ada_tal/tal320b.txt
"Full text of ""Oriental Carpets in the Philadelphia Museum of Art""",https://archive.org/stream/orientalcarpetsi00phil/orientalcarpetsi00phil_djvu.txt
"Full text of ""Carpets and interiors: a guide for architects, decorators ...",https://archive.org/stream/carpetsinteriors00anon/carpetsinteriors00anon_djvu.txt
0814314.txt - Veterans Affairs,http://www.va.gov/vetapp08/files2/0814314.txt
"Carpet Choices When you select carpet for your home, you have ...",http://67.205.178.80/Carpet/Carpet-Choices.txt
Fair-Trade-Carpet-Exports-for-Women-s-Empowerment.txt,http://documents1.worldbank.org/curated/en/331491563521683698/text/Fair-Trade-Carpet-Exports-for-Women-s-Empowerment.txt
carpet - Holistic Medicine,http://www.holisticmed.com/carpet/tc4.txt
"GRANTED IN PART: September 1, 1994 GSBCA 12723 W.D.G. ...",https://www.gsbca.gsa.gov/Archive/oldappeals/w127230.txt
0000931763-98-003243.txt - SEC.gov,https://www.sec.gov/Archives/edgar/data/851968/0000931763-98-003243.txt
