[PS] Visualization of a temporal sequence of a biomaterial implanted in a ...,https://upcommons.upc.edu/bitstream/2117/84198/1/experiments.ps
[PS] Thermoresponsive micropatterned substrates for single cell studies ...,https://hal.archives-ouvertes.fr/file/index/docid/640115/filename/paperPlos1.ps
[PS] 1. Introduction,http://www.mat.uc.pt/preprints/ps/pre1012.ps
[PS] Creating new soft tissue.eps,http://www.odont.uio.no/iko/english/about/organization/units/biomaterials/test/creating-new-soft-tissue.eps
[PS] Title: Programming Colonies of Biological Cells - Research,http://groups.csail.mit.edu/mac/users/rweiss/bio-programming/phd-proposal.ps
[PS] ISMEBC NATIONAL POINTS OF CONTACT,http://mebc.elte.hu/poc.ps
[PS] Transport of Probe Particles in Semidilute Polymer Solutions,http://www.phys.ust.hk/penger/Publications/tracer2.ps
[PS] + > 0 - Rice CAAM,https://www.caam.rice.edu/~cox/mark.ps
[PS] (polymers ) - Materials Science and Engineering Teachers Workshop,http://matse1.matse.illinois.edu/polymers/polymers.ps
[PS] 1 Introduction - Harvard Biorobotics Lab,https://biorobotics.harvard.edu/pubs/1999/pawluk_JBE1999.pdf
[PS] • 系統編號RN9607-3445 • 計畫中文Ш稱應用電氣極化技術改變ස௜ᛷ ...,http://libir.tmu.edu.tw/bitstream/987654321/38135/8/%25E5%25A0%25B1%25E5%2591%258A%25E8%25A9%25B3%25E7%259B%25AE.ps
[PS] Scaling properties of stretching ridges in a crumpled elastic sheet ...,https://jfi.uchicago.edu/~tten/rainbow/Crumpling/big.crump.ps.gz
[PS] Spanned Patterns for the Logical Analysis of Data - DIMACS,http://dmac.rutgers.edu/TechnicalReports/TechReports/2002/2002-50.ps.gz
[PS] arXiv:physics/0007068 19 Jul 2000 - SLAC,https://www.slac.stanford.edu/econf/C000821/FR203.ps.gz
[PS] Algorithms for the Computer Simulation of 2D Projections ... - GANG,http://www.gang.umass.edu/preprint/documents/gang2-11.ps.gz
[PS] Protein and cell adsorption: topographical dependency and adlayer ...,https://folia.unifr.ch/documents/299817/files/GalliMarxerC.ps.gz
[PS] 1 Proposal Description: DYGLAGEMEM - Chimera,http://chimera.roma1.infn.it/RESEARCH/EEC/dyglagemem.ps
[PS] (Abstract \205 Neal Altman),http://reports-archive.adm.cs.cmu.edu/anon/isri2004/CMU-ISRI-04-101.ps
[PS] Nuclear Magnetic Resonance - Trinity College Dublin,https://www.tcd.ie/Physics/research/groups/magnetism/files/stemenov/download/RefWork3.ps
"[PS] '995 91 +-:0;< >>> 4.=-7#!""% 9;2",https://invenio.itam.cas.cz/record/13812/files/Frontmatter.pdf%3Fsubformat%3Dpdfa
[PS] Directorate For Engineering Fiscal Year 1992 Directory of Awards,https://www.nsf.gov/pubs/stis1993/nsf9365/nsf9365.ps
[PS] Does solvation cause symmetry breaking in the I3 ion in aqueous ...,http://vintage.fh.huji.ac.il/~ronnie/Papers/JCP09928.ps.gz
[PS] A Complete Bibliography of Publications in the Journal of ...,http://ftp.math.utah.edu/pub/tex/bib/jtheorbiol2010.ps.gz
[PS] EUROGRAPHICS '97 / D. Fellner and L. Szirmay-Kalos (Guest ...,http://www.cg.its.tudelft.nl/visualisation/intranet/publications/sadarjoen1997b.ps.gz
[PS] Molecular Algorithms for E cient and Reliable DNA Computing,https://bi.snu.ac.kr/Publications/Conferences/International/GP1998.ps
[PS] Strong and weak error estimates for the solutions of elliptic partial ...,https://hal.inria.fr/docs/00/49/00/45/PS/RR-7300.ps
[PS] C. W. Cryer P. P. Lunkenheimer Mathematical Modelling of the ...,https://www.uni-muenster.de/AMM/num/Vorlesungen/Herz_WS95/Problem_description.ps.gz
[PS] Impact | Journal Full Title | Factor,http://www.phy.pmf.unizg.hr/~bp/sciimp.ps
[PS] Exact Coulomb cutoff technique for supercell calculations,http://users.physik.fu-berlin.de/~ag-gross/articles/ps/RVM06.ps.gz
[PS] A New Formulation and Computation of the Triphasic Model for ...,http://www.cityu.edu.hk/ma/people/ychon/recentpreprints/nca/triphasic.ps.gz
