[PPT] Confined Spaces - Occupational Safety and Health Administration,https://www.osha.gov/sites/default/files/2018-12/fy07_sh-16625-07_confinedspace.ppt
[PPT] Permit Required Confined Space - Identify & Classify,https://www.michigan.gov/documents/p21_prcs_for_cetsp28_119902_7.ppt
[PPT] SAP Time Entry HR/Payroll/Regional Timekeepers/Administrators,https://www.codot.gov/content/programs/training/Time%2520Approver%2520Course/04_Sample%2520Course%2520Materials/HR_Time_Entry.ppt
[PPT] CONFINED SPACES,https://www.latech.edu/documents/2018/07/confined-space-training.ppt/
[PPT] Confined Space Entry - ISRI,https://www.isri.org/docs/default-source/safety/osha-safety/confined-space-entry.ppt%3Fsfvrsn%3Dbae2b713_2
[PPT] Confined Space Entry,https://www.isri.org/docs/default-source/safety/osha-safety/confined-spaces-presentation.ppt%3Fsfvrsn%3Dbee2b713_2
[PPT] Training Records Entry - MyEscambia,https://myescambia.com/docs/default-source/sharepoint-public-safety/firehouse/training-records-entry.ppt
[PPT] Webtime Entry Training for Supervisors and Authorized Processors,https://www.bsc.edu/administration/humanresources/pdfs/payroll/Supervisor-Tutorial.pps
[PPT] Confined Space Entry at PSU - PSU EHS,https://ehs.psu.edu/sites/ehs/files/confined_spaces_-_awareness_level_training1_-_opp_compliant.ppt
[PPT] Consolidated retained earnings,https://www.andrews.edu/~geddes/Advanced/Chap%25204.ppt
