PARKADE: ONE CANADIANISM OR TWO AMERICANISMS?,https://read.dukeupress.edu/american-speech/article-pdf/92/3/281/562488/0920281.pdf
[PDF] Parking at the Padre Parkade On Padres game days students must ...,https://www.tjsl.edu/sites/default/files/files/Parking%2520Information%2520%26%2520Alternatives.pdf
[PDF] Parkade Plaza,https://www.commercialmls.com/Media/PDF//photos/pdf/fl/575651_1.pdf
[PDF] Parkade Plaza,https://www.commercialmls.com/Media/PDF/photos/pdf/fl/559956_1.pdf
[PDF] PARKADE DRAINAGE SYSTEMS - Coquitlam.Ca,https://www.coquitlam.ca/DocumentCenter/View/4704/Parkade-Drainage-Systems-Guide-PDF
[PDF] MOUNT OLIVE PARKADE - LoopNet.com,https://images1.loopnet.com/d2/Hkr12JdQNSrCJoNoYVV332UdIyOUOnEBzeF-SRQLWYE/document.pdf
[PDF] Parkade Park,https://www.como.gov/wp-content/uploads/2021/01/parkade_8x11.pdf
"[PDF] Drip Pans for Parkade Leaks - Nikls ""One Call"" Property Services",https://www.niklsonecall.com/wp-content/uploads/2016/04/Drip-Pans.pdf
[PDF] autoChalk Parkade: Blending Fixed Camera LPR with RFID,https://tannerycreeksystems.com/wp-content/uploads/2013/09/autoChalk-Parkade-Fixed-Camera-Blends-RFID.pdf
[PDF] PARKING FOR GUESTS AND VENDORS,http://www.stjohnhealthsystem.com/media/file/2279/Map_StreetParty_Guests%26Vendors.pdf
