PGstats | .AVI,https://www.pgstats.com/melee/player/.AVI%3Fid%3DS430758
Iwara,https://ecchi.iwara.tv/videos/%25E6%259D%25BF%25E9%25B8%25AD%2520%25E5%2585%25AC%25E5%259B%25AD%2520%25E7%2597%25B4%25E5%25A5%25B3%2520%25E9%259C%25B2%25E5%2587%25BA%2520%25E8%25B7%25AF%25E4%25BA%25BA.avi%3Fpage%3D2
DnsLinPan,https://pan.dnslin.com/Cloud/%25E8%25A7%2586%25E9%25A2%2591/2019%2520Java/2019%25E5%25B0%259A%25E7%25A1%2585%25E8%25B0%25B7%25E5%2585%25A8%25E5%25A5%2597Java/02.JavaWEB/16-Filter%25E8%25BF%2587%25E6%25BB%25A4%25E5%2599%25A8/%25E8%25A7%2586%25E9%25A2%2591/02-Filter%25E8%25BF%2587%25E6%25BB%25A4%25E5%2599%25A8%25E7%25A4%25BA%25E4%25BE%258B%25E7%25A8%258B%25E5%25BA%258F.avi%3Fpreview
Activity gibchain-ui/1.0/图标/齿轮框框~1.avi,http://120.24.233.195:8060/changelog/gibchain-ui/1.0/%25E5%259B%25BE%25E6%25A0%2587/%25E9%25BD%25BF%25E8%25BD%25AE%25E6%25A1%2586%25E6%25A1%2586~1.avi%3Fshowid%3D10156%26view%3Dfe
