[PDF] to deliquesce - Bab.la,https://en.bab.la/conjugation/english/deliquesce/pdf
The pH of deliquesced seaâ•'salt aerosol in polluted marine air,https://agupubs.onlinelibrary.wiley.com/doi/pdfdirect/10.1029/98GL01591
Kinetics Study of OH Uptake onto Deliquesced NaCl Particles by ...,https://pubs.acs.org/doi/pdf/10.1021/acs.jpclett.8b01725
Kinetic Study of Heterogeneous Reaction of Deliquesced NaCl ...,http://pubs.acs.org/doi/pdf/10.1021/jp072005p
Deliquescence and Efflorescence of Potassium Salts Relevant to ...,https://www.tandfonline.com/doi/pdf/10.1080/02786820902946620
[PDF] Treatment of non-ideality in the multiphase model SPACCIM-Part2,https://d-nb.info/1198407018/34
Condensation of water from the air upon hygroscopic crystals,https://royalsocietypublishing.org/doi/pdf/10.1098/rspa.1926.0044
[PDF] Stress Corrosion Cracking of SNF Interim Storage Canisters: SNL ...,https://www.osti.gov/servlets/purl/1365382
Measurements of Ultragiant Aerosol Particles in the Atmosphere ...,https://journals.ametsoc.org/downloadpdf/journals/atot/19/3/1520-0426_2002_019_0402_mouapi_2_0_co_2.xml
[PDF] Effect of fatty acids on HNO3 uptake to aqueous aerosol,https://acp.copernicus.org/preprints/8/687/2008/acpd-8-687-2008.pdf
Interactive comment on “Experimental investigation into the ...,https://acp.copernicus.org/preprints/acp-2019-620/acp-2019-620-AC1-print.pdf
The effect of fatty acid surfactants on the uptake of nitric ... - HAL-Insu,https://hal-insu.archives-ouvertes.fr/insu-02062108/document
Oxidation of sulfur dioxide by nitrogen dioxide accelerated at the ...,https://www.nature.com/articles/s41557-021-00777-0.pdf%3Fproof%3Dt%252529
[PDF] Deliquesce Past Tense - GrammarTOP.com,https://grammartop.com/deliquesce-past-tense/%3Fpdf%3D60185
[PDF] Fast oxidation of sulfur dioxide by hydrogen peroxide in deliquesced ...,https://facss.mit.edu/pdf/Spring2021/FACSS_Abbatt2021.pdf
[PDF] EXPERIMENTAL SETUP TO ACQUIRE RAMAN SPECTRA OF ...,https://www.hou.usra.edu/meetings/lpsc2022/pdf/2026.pdf
[PDF] Determination of the bulk accommodation coefficient of NO2 and O3 ...,https://citeseerx.ist.psu.edu/viewdoc/download%3Fdoi%3D10.1.1.557.3123%26rep%3Drep1%26type%3Dpdf
[PDF] Role of Aerosol Liquid Water in Secondary Organic ... - TSpace,https://tspace.library.utoronto.ca/bitstream/1807/93265/1/Faust%2520et%2520al%2520EST%25202017.pdf
[PDF] Data Sheet VI.A2.7 HET_SALTS_7 - IUPAC Task Group on ...,https://iupac-aeris.ipsl.fr/htdocs/datasheets/pdf/HNO3_halide_solutions_VI.A2.7.pdf
Response to Referee 2: We would like to thank this referee for the ...,http://www.atmos-chem-phys-discuss.net/10/C7844/2010/acpd-10-C7844-2010-supplement.pdf
[PDF] AEROSOL SIZE DISTRIBUTION VARIABILITY,http://cabernet.atmosfcu.unam.mx/ICCP-2008/abstracts/Program_on_line/Poster_04/Colon-Robles_extended.pdf
[PDF] Proceedings of the 19th International Symposium on the,https://resources.inmm.org/system/files/patram_proceedings/2019/a1375_1.pdf
Condensation of Water from the Air upon Hygroscopic Crystals - jstor,https://www.jstor.org/stable/94464
Humidity-dependent surface tension measurements of individual ...,https://pubs.rsc.org/en/content/articlepdf/2015/sc/c4sc03716b
N2O5 Oxidizes Chloride to Cl2 in Acidic Atmospheric Aerosol,https://www.science.org/cms/asset/65a6fe00-3f35-4a26-aba4-193b1fbfd3d6/pap.pdf
"[PDF] Impact of deliquescence on the chemical stability of vitamins B1, B6","https://tahomaclinic.com/Private/Articles2/Misc/Hiatt%25202008%2520-%2520Impact%2520of%2520deliquescence%2520on%2520the%2520chemical%2520stability%2520of%2520vitamins%2520B1,%2520B6,%2520and%2520C%2520in%2520powder%2520blend.pdf"
[PDF] Reduced Nitrogen in the Western US in Winter,https://atmos.utah.edu/aquarius/presentations/22_murphy.pdf
[PDF] A high-#ow humidograph for testing the water uptake by ambient ...,https://dukespace.lib.duke.edu/dspace/bitstream/handle/10161/6545/humidograph.pdf%3Fsequence%3D1%26isAllowed%3Dy
[PDF] Chemical and Physical Stability of Powdered Tagatose as Affected ...,https://etd.auburn.edu/bitstream/handle/10415/2428/Thesis%2520Final.pdf%3Fsequence%3D2%26isAllowed%3Dy
[PDF] Treatment of non-ideality in the multiphase model SPACCIM-Part2,https://doi.org/10.5194/acp-2019-819
