[DOC] THERMOELECTRIC REFRIGERATION USING PELTIER EFFECT,https://zenodo.org/record/800636/files/Mayur%2520Patil1.docx
[DOC] Resume - Rice University,https://wehmeyerlab.rice.edu/files/2020/02/Resume_Qing-Zhu.docx
[DOC] Materials and Methods - UOW,https://ro.uow.edu.au/context/aiimpapers/article/3564/type/native/viewcontent
[DOC] IJSDR160307.docx,https://www.ijsdr.org/papers/IJSDR160307.docx
[DOC] Supplementary Material - Science,https://downloads.spj.sciencemag.org/energymatadv/2022/9854657.f1.docx
[DOC] Type of the Paper (Article - MDPI,https://www.mdpi.com/1996-1944/13/21/4707/s1
[DOC] thermoelectric power generators content,https://www.precisionpipeline.com/wp-content/uploads/2018/10/THERMOELECTRIC-POWER-GENERATORS-CONTENT.docx
[DOC] Working of TEG - GRD Journals,https://www.grdjournals.com/uploads/article/GRDJE/V04/I11/0007/GRDJEV04I110007_received_file_1569910021.docx
[DOC] Fundamentals of Thermodynamics Lab.,https://uomustansiriyah.edu.iq/media/lectures/6/6_2021_10_29!01_23_27_PM.docx
[DOC] Self-Nano-Structuring in SrTiO 3 - Research Explorer,https://www.research.manchester.ac.uk/portal/files/126244569/RF_16_Aug_clean_main_Self_Nano.docx
[DOC] References - LSBU Open Research,https://openresearch.lsbu.ac.uk/download/3344f7a3bd4221675f63a44eef21acaff4b6ea62cef61b309d966d3acb64daf3/7521784/Theoretical%2520Investigation%2520of%2520a%2520Thermoelectric%2520Generator%2520for%2520Harvesting%2520Waste%2520Heat%2520from%2520Fuel%2520Cell-Full%2520length%2520paper.docx
[DOC] Title: A Human Tumor Genome Project - BIT Congress,https://www.bitcongress.com/wcam2021-japan/Format%2520of%2520Abstract.docx
[DOC] https://community.apan.org/wg/afosr/m/alea_stewart...,https://community.apan.org/wg/afosr/m/alea_stewart/124821/download
[DOC] Thermoelectric Generator Principle - ResearchGate,https://www.researchgate.net/profile/Gillert-Bongcac/publication/319679362_Energy_Conversion_Modelling_and_Simulation_of_the_Thermoelectric_Generator_in_Motor_Exhaust_System_using_Labview/links/59b93c830f7e9bc4ca3d7ec2/Energy-Conversion-Modelling-and-Simulation-of-the-Thermoelectric-Generator-in-Motor-Exhaust-System-using-Labview
[DOC] Two–step processing of thermoelectric (Ca 0.9 Ag 0.1 ) 3 Co 4 O 9 ...,https://qmro.qmul.ac.uk/xmlui/bitstream/handle/123456789/57496/Yan%2520Two%25E2%2580%2593step%2520processing%25202019%2520Accepted.doc%3Fsequence%3D2%26isAllowed%3Dy
[DOC] Request Form for Nanofiber based Thermoelectric Senior Design ...,http://www.utrgv.edu/mece/_files/documents/senior-design/students/projects-2015-2016/charge%2520your%2520phone%2520using%2520heat%2520generated%2520while%2520using%2520it%2520nanofiber%2520based%2520thermoelectrics.docx
[DOC] Kanas+et+al_J_Eur_Cer_Soc_revised_final.docx - NTNU Open,https://ntnuopen.ntnu.no/ntnu-xmlui/bitstream/handle/11250/2482505/Kanas%2Bet%2Bal_J_Eur_Cer_Soc_revised_final.docx%3Fsequence%3D1
[DOC] Nanoscale - DSpace@MIT,https://dspace.mit.edu/bitstream/handle/1721.1/112327/Main%2520Article%2520-%2520Revision%25202.docx%3Fsequence%3D2%26isAllowed%3Dy
[DOC] Sebuah Kajian Pustaka:,http://ijpeds.iaescore.com/index.php/IJPEDS/article/downloadSuppFile/14823/1839
[DOC] gentherm incorporated,https://gentherm.gcs-web.com/static-files/bd5cdbbd-74be-40b0-9c89-42b39282bb7d
