Google Maps,"https://www.google.com/maps/%4053.7920719,-3.0568718,17.7z"
TUTOS Login - Host Vulnerability Summary Report,http://210.242.149.154/login/configuration.7z
Breath of Fire III (USA) Sony PlayStation (PSX) ISO Download,https://www.romulation.net/PSX/Breath-of-Fire-III-U-SLUS-00422.7z
Configuration.File,http://210.63.253.186/login1/inc/backup.7z
open-xchange,http://162.220.51.154/login/lib/backup.7z
Metaframe,http://61.67.24.140/dy.7z
