midwest-drug-consulting-33476-2-final-signed.pdf,https://dvha.vermont.gov/sites/dvha/files/documents/Administration/midwest-drug-consulting-33476-2-final-signed.pdf
792.full.pdf - The Journal of Immunology,https://www.jimmunol.org/content/199/2/792.full.pdf
199i - Ohio Attorney General,https://www.ohioattorneygeneral.gov/getattachment/124a310b-42bc-4a7f-a3ea-46bf5453b608/1928-2482.aspx
[PDF] SYLLABUS: - Ohio Attorney General,https://www.ohioattorneygeneral.gov/getattachment/18c0e98c-eb08-4734-9460-329c4c3f225a/1928-2627.aspx
Traveling Companions - JSTOR,https://www.jstor.org/stable/10.13110/narrcult.2.2.0227
THE POETRY OF THE WORLD - jstor,https://www.jstor.org/stable/24810236
[PDF] A tool framework for tweaking features in synthetic datasets - arXiv,https://arxiv.org/pdf/1801.03645
Cerebrovasodilatory Contribution of Endogenous Carbon Monoxide ...,https://www.nature.com/articles/pr200296.pdf%3Forigin%3Dppub
"Tense, Time, and Adverbs in Italian Sign Language",https://www.bu.edu/linguistics/UG/tense-lis.pdf
The Perceptions of Brand Co-appearance in Product Placement,https://link.springer.com/content/pdf/10.1007/978-3-030-89883-0_58.pdf
X-Ray photoelectron spectra of ethylenediaminetetraacetic acid and ...,http://pubs.acs.org/doi/pdf/10.1021/ic50125a046
"[PDF] Order [US v. National Gum and Mica Company, et al.]",https://www.justice.gov/atr/page/file/1360686/download
Moments of the Momentum Density Correlation Functions in Simple ...,http://link.aps.org/pdf/10.1103/PhysRev.170.155
Magnetic behavior of a reentrant Ising spin glass,http://link.aps.org/pdf/10.1103/PhysRevB.46.8227
A study of the sorption of CO on W and Ni single‐crystal surfaces by ...,https://avs.scitation.org/doi/pdf/10.1116/1.569585
Preliminary note REACTANT STRUCTURAL EFFECTS ON THE ...,https://www.sciencedirect.com/science/article/pii/002207288880336X/pdf%3Fmd5%3D43fe362d1f0a228c64cb23bebb595637%26pid%3D1-s2.0-002207288880336X-main.pdf
"[PDF] March 25, 2016 Debra A. Howland Executive Director New ...",https://www.puc.nh.gov/regulatory/Docketbk/2016/16-241/COMMENTS/16-241_2016-03-25_B_EDWARDS_COMMENT.PDF
"[PDF] vember to enC the strike, one Univorsity, ?receded tho deci",https://nsarchive2.gwu.edu/NSAEBB/NSAEBB10/docs/doc27.pdf
"[PDF] Blasting-Related Carbon Monoxide Incident in Bristow, Virginia - CDC",https://www.cdc.gov/niosh/mining/userfiles/works/pdfs/brcmi.pdf
