[PS] Using the KISS method to Count Restricted Dyck ... - rutgers math,http://www.math.rutgers.edu/~zeilberg/mamarim/mamarimPS/kiss.ps
[PS] 1 Key points about KISS - One operand: instruction op1 - Zero ...,http://info.ee.surrey.ac.uk/Teaching/Courses/msccomp/notes/instr.ps
[PS] Computer Architectures 2,http://info.ee.surrey.ac.uk/Teaching/Courses/CompArch/comparch2.ps
[PS] Datasheet_KISS 4U Q57.indd - Kontron,https://www.kontron.com/downloads/datasheets/datasheet-kiss-4u-q57.pdf%3Fproduct%3D89264
[PS] A Distributed Online Certificate Status Protocol with a Single Public ...,https://www.iacr.org/archive/pkc2004/29470386/29470386.ps
[PS] Reasoning about Programs Haskell v Java KISS Principle Pre/Post ...,http://www.doc.ic.ac.uk/~jb/teaching/reasoning-about-programs/conditions-4up.ps
[PS] The Kissing Problem: How to End a Gathering When Everyone ...,https://www3.cs.stonybrook.edu/~bender/newpub/2012-BenderBoCh-fun-kissing.ps
[PS] Asymptotic Green function for S waves in the kiss singularity - SW3D,http://sw3d.cz/papers/r11vv1.ps
[PS] Bayesian Modeling for Adaptive Hypermedia Systems - CiteSeerX,http://citeseerx.ist.psu.edu/viewdoc/download%3Fdoi%3D10.1.1.5.1382%26rep%3Drep1%26type%3Dps
[PS] Approximation schemes for parallel machine scheduling with non ...,https://web.cs.elte.hu/egres/tr/egres-15-16.ps
[PS] Mark Kisin Introduction,https://www.maths.usyd.edu.au/u/ResearchReports/Analysis/Kis/1998-12.ps.gz
[PS] Optimising the K dark filter for the Kunlun Infrared Sky Survey.,https://astronomy.swin.edu.au/kiss/files/KdarkPASA.ps
[PS] Figure 28. Saltwater intrusion into unconsolidated-deposit aquifers ...,https://pubs.usgs.gov/ha/ha730/pub/ch_n/N028.eps.gz
"[PS] igure 39. On Oahu, freshwater is in a lens and dike-impounded ater ...",https://pubs.usgs.gov/ha/ha730/pub/ch_n/N039.eps.gz
[PS] Toward a Formal Theory of Extensible Software Contrasting and ...,https://www2.ccs.neu.edu/racket/pubs/fse98-kf-slides.ps.gz
[PS] with a distribution of signs δi is called a ...,ftp://ftp.gwdg.de/pub/EMIS/journals/BAG/vol.37/no.2/b37h2ite.ps.gz
[PS] GEM Document - FTP Directory Listing,ftp://ftp.ucsd.edu/hamradio/packet/dl/dl6.ps.Z
[PS] Relating Semantic and Proof-Theoretic Concepts for Polynomial ...,http://people.mpi-inf.mpg.de/alumni/ag2/2011/hg/papers/conferences/_01LICS.ps.gz
[PS] kiss my ass.eps - Icon Ape,https://iconape.com/wp-content/files/ds/151789/eps/kiss-my-ass.eps
[PS] Towards a theory of epistemic information,https://users.dimi.uniud.it/~stefano.mizzaro/research/papers/ei-finalbook-EJC.ps.gz
[PS] Technical Report CS-03-23 - TTIC,https://home.ttic.edu/~altun/pubs/CS-03-23.ps
[PS] with a distribution of signs δi is called a ...,http://www.kurims.kyoto-u.ac.jp/EMIS/journals/BAG/vol.37/no.2/b37h2ite.ps.gz
[PS] PUBLICATION de l'UPRESA 6085 ANALYSE et MOD ELES ... - CNRS,http://lmrs.math.cnrs.fr/PUB/PUB97/pub9702.ps.gz
[PS] Csomók és invariánsaik,http://math.bme.hu/~szabosz/csomok.ps
[PS] On the Coherence and Structure of Discourse,https://www.isi.edu/~hobbs/ocsd.ps
[PS] Free Vector Graphic Art Kiss.eps - 4Vector,http://4vector.com/data/007/974/download/Free%2520Vector%2520Graphic%2520Art%2520Kiss.eps
[PS] stdin (null),ftp://ftp.cs.toronto.edu/doc/resource-guide/chapter.4/section4-5.ps
[PS] The Length of Random Subsets of Boolean Lattices 1 Introduction ...,http://web.mat.bham.ac.uk/D.Osthus/length.ps
[PS] ISRAEL JOURNAL OF MATHEMATICS TABLE OF CONTENTS ...,http://www.math.huji.ac.il/~ijmath/index_ps/195.ps
[PS] Optimization by the Lagrange Method 0. Infinite Horizon MDP problem,https://editorialexpress.com/jrust/sdp/lagrange.ps
[PS] JNOS40 CONFIGURATION MANUAL (NOS for the Kantronics Data ...,ftp://ftp.ecn.purdue.edu/ace/n9yte/jos40.ps.gz
[PS] Production of Fe and Cu nanocrystalline particles by ... - Atomki,https://atomki.hu/ar97/m/m04.ps.gz
[PS] Presented at the 6th Central-European Workshop on Quantum ...,http://www.physics.sk/aps/pubs/1999/aps-1999-49-4-707.ps
[PS] Untitled,http://files.gamepub.sk/statnice/KIS/Komunikacne%2520a%2520informacne%2520siete/prednasky/Velk%25C3%25BD%2520pr%25C5%25AFvodce%2520protokoly%2520TCPIP%2520bezpe%25C4%25258Dnost/Download/NORMY/RFC/rfc145.ps
[PS] Period{radius relation for semiregular and Mira stars,http://astro.u-szeged.hu/P-R_relation/CoAst_szk2.ps
[PS] A Graphical Model for Protein Secondary Structure Prediction ...,http://www.gatsby.ucl.ac.uk/~chuwei/paper/slides.ps
[PS] 1 Introduction 2 Provided Infrastructure,https://www.ece.cmu.edu/~ganger/ece746.fall06/projects/proj3/18746-f06-proj3.ps
[PS] RX II_template_white sticker(sheet)_CMYK.eps,https://www.lib.polyu.edu.hk/sites/default/files/ispace/vinyl_cutter/RX%2520II_template_white%2520sticker(sheet)_CMYK.EPS
[PS] Restarted Variants of DQGMRES - SDM,https://sdm.lbl.gov/~kewu/ps/dqgmr_r.ps
[PS] The MetaMorpho translation system,https://www.statmt.org/wmt08/ps/WMT11.ps
[PS] 1 Problem Description,https://www.let.rug.nl/~vannoord/papers/coling94.ps
[PS] SRC 149 - Index of /,https://users.soe.ucsc.edu/~abadi/Papers/spi.ps
[PS] 1 Basic De nitions,https://www.cs.miami.edu/home/burt/learning/Csc609.011/mod_arith.ps
[PS] THE STAR FORMATION NEWSLETTER - Institute for Astronomy,http://www.ifa.hawaii.edu/~reipurth/newsletter/newsletter19.ps
"[PS] ¡£¥ §© £ L.A. Bassalygo5 7, M. Burmester R, A.Dyachkov, d ...",http://www.cs.fsu.edu/~burmeste/bbdkfinal1.ps
"[PS] pa stel@cs.ust.hk * Universit ée d u Quée b ec Pa H u ll , jurek@uq a ...",http://www.cccg.ca/proceedings/2000/38.ps.gz
[PS] The Nature of Object Agreement in Hungarian 1. Introduction 2 ...,ftp://babel.ling.upenn.edu/papers/working-papers/volume4.2/bartos.ps
[PS] by Wojciech Gajda 1. Introduction,https://cds.cern.ch/record/740567/files/sis-2004-361.ps
[PS] Ai wa katsu,ftp://ftp.funet.fi/pub/culture/japan/mirrors/jcliu/karaoke/ps_KaraOK_02.ps.Z
[PS] On the Momentum Term in Gradient Descent Learning Algorithms ...,http://www.columbia.edu/~nq6/publications/momentum.ps.gz
[PS] H = HR0 X - Berkeley Math,https://math.berkeley.edu/~zworski/etrace.ps.gz
[PS] Tape 057 JWZ,https://www.jwz.org/hacks/video-tape.ps
[PS] Curriculum Vitae - Irisa,http://www.irisa.fr/distribcom/Personal_Pages/IlGon/cv.ps
[PS] Temporal Prepositions and Temporal Generalized Quanti ers 1 ...,http://www.cs.man.ac.uk/~ipratt/papers/nat_lang/tgq.ps
[PS] Charge qubit rotations in a double-dot nanostructure - JETP Letters,http://jetpletters.ru/ps/470/article_7449.ps
"[PS] RHESSI ^ l A n ?.j X1 rq † swt pvu $, JZ ] X",http://www.pmo.cas.cn/xscbw/twxb/xbll/2003_2018/2008_49/2008_49_04/200909/P020090915720755807935.ps
[PS] 014521 Address: Control number: 1 484 592 Primary classi cation,http://www2.math.umd.edu/~wmg/schlesinger.ps
[PS] MEKKOR AK AZ UST OK OSMAGOK ? - Konkoly.hu,http://www.konkoly.hu/staff/tothi/popularizing_articles/fsz_ustmag_2005dec_pp432_441.ps
"[PS] PROSODY, EMPTY CATEGORIES AND PARSING",https://www.ims.uni-stuttgart.de/documents/projekte/verbmobil/vm-reports/report-129-96.ps.gz
[PS] 1. Introduction 2. Representation Theorem for Allegor y - Takeichi Lab,http://takeichi.ipl-lab.org/~caca/workshop/pub/akama.ps
[PS] Scheduling With Chameleon Nets,http://www.informatik.uni-hamburg.de/TGI/aktuelles/pnse97/papers/neuendorf.ps.gz
[PS] Mills Standards Track [Page 1] Network Working Group D. Mills ...,https://www.eecis.udel.edu/~mills/database/rfc/rfc-xxxx.ps
[PS] On the Rate of Convergence of Sequential Quadratic Programming ...,https://ftp.mcs.anl.gov/pub/tech_reports/reports/P760.ps.Z
[PS] Linear-Size Constant-Depth Polylog-Threshold Circuits,http://www.math.ias.edu/~avi/PUBLICATIONS/MYPAPERS/RAGDE/THRESHOLD/final.ps
[PS] Julia Margaret Cameron,http://www.chem.ucla.edu/~kulisics/postscript/cameron.ps
[PS] ๆุ . Œ Ł ฦๆ๘ ๆŁ º ª ๆ ª - Razmadze Mathematical Institute,http://www.rmi.ge/proceedings/volumes/ps/v152-5.ps.gz
[PS] SOHO Joint Operations Programme 78 VARIABILITY AND ... - NASA,https://soho.nascom.nasa.gov/soc/JOPs/jop078.ps
[PS] ON THE p-TYPICAL CURVES IN QUILLEN'S K-THEORY by Lars ...,https://conf.math.illinois.edu/K-theory/0072/curves.ps.gz
[PS] The Lattice of Natural Numbers and The Sublattice of it. The Set of ...,http://mizar.uwb.edu.pl/JFM/ps/nat_lat.ps
[PS] On the Tucker Circles - Forum Geometricorum,https://forumgeom.fau.edu/FG2017volume17/FG201720.ps
[PS] A Distance Property of the Feuerbach Point and Its Extension,https://forumgeom.fau.edu/FG2016volume16/FG201634.ps
[PS] arXiv:0806.3943v2 [math.NT] 10 Aug 2011,https://people.cas.uab.edu/~simanyi/Goswick_et_al_final.ps
[PS] What is Computer Architecture? Principles of Computer Design,https://courses.cs.washington.edu/courses/cse548/00wi/slides/1IntroSlides.ps
[PS] Combining symbolic and statistical methods in morphological ...,http://www.nytud.hu/depts/corpus/resources/lrec2004.ps
[PS] 1 a b 2 - Record Center ECM,http://recordcenter.sgc.gov.co/B4/13010010020341/mapa/nativos/H-12_Bucaramanga/eps/bucara.ps
[PS] Toward a Formal Theory of Extensible Software,https://cs.rice.edu/CS/PLT/Publications/Scheme/fse98-kf.ps.gz
[PS] A Hierarchy Based on Output Multiplicity Ashish V. Naik Chronologic ...,https://cse.buffalo.edu/~selman/om.ps
"[PS] Subjacency Forever Norvin Richards, MIT Baker (1970) notes that ...",http://web.mit.edu/norvin/www/papers/Subjacency.ps
[PS] A Complete Bibliography of the Journal of Number Theory (2010 ...,http://ftp.math.utah.edu/pub/tex/bib/jnumbertheory2010.ps.gz
[PS] Ą˘Ł˘¤ĽŚ§¨Š - tuleloverseny.hu,http://tuleloverseny.hu/te5/megoldas/kishalal.ps
