[PPT] Explore how Shakespeare presents the theme of order and ...,https://www.stratforduponavonschool.com/_site/data/files/users/6th-enrolment-work-21/literature/A5EA889D4FAD176C2E2BDBBA4EA5BD38.pptx
[PPT] William Shakespeare - SCHOOLinSITES,https://content.schoolinsites.com/api/documents/2571d43ba0e44ada9f625728f62a7c3a.pptx
[PPT] Troilus and Cressida and genre - University of Warwick,https://warwick.ac.uk/fac/arts/english/currentstudents/undergraduate/modules/fulllist/third/en301/a_heap_of_rubbish.pptx
[PPT] William Shakespeare The Bard,http://www.lcps.org/cms/lib4/VA01000195/Centricity/Domain/5383/W%2520Shakespeare%2520Background.pptx
[PPT] Inside the Ivory Tower: Narratives of Women of Colour Suriving and ...,https://blackbritishacademics.co.uk/wp-content/uploads/2014/10/Inside-the-Ivory-Tower-Photo-Slide-Show-1.pptx
[PPT] French Election - Bakamo.Social Study,https://www.bakamosocial.com/wp-content/uploads/2021/03/Deck_FrenchPresidentialElectionReport.pptx
