porter2/full.ini at master - GitHub,https://github.com/markfullmer/porter2/blob/master/test/Datasets/full.ini
Mail,http://210-242-148-168.hinet-ip.hinet.net/login/enc/view/php.ini
PHP - web,http://210-242-146-178.hinet-ip.hinet.net/login/lib/include/php.ini
actiontec,http://61.64.230.170/login/tmp/install/perform.ini
MvBlog - php,http://61.62.173.182/login/newsletter/admin/ventrilo_srv.ini
Index of,http://210.242.148.183/login/log/inc/cmses/editor/netscape.ini
