[PPT] Presentación de PowerPoint,https://www.ieechihuahua.org.mx/public/sistema/archivos/interno/paginas/2019/particion_ciudadana/Files/PPT_NIVEL_C._CURSO_17_INSTRUMENTOS_DE_PARTICIPACION_SOCIAL_CABILDO_ABIERTO.ppsx
[PPT] SEMANA DE MAYO - WordPress.com,https://escuelaprovinciasdecuyo.files.wordpress.com/2020/05/semana-de-mayo.pptx
[PPT] voting rights (1870) 14th Amendment (equal protection clause ...,https://www.stcharles.k12.la.us/cms/lib/LA01906411/Centricity/Domain/757/Civil%2520Rights%2520in%2520the%2520US.pptx
[PPT] Presentación de PowerPoint,http://www.vilcun.cl/documentos/160407_CONSTITUCION%2520PEDAGOGICO%2520(1).pptx
[PPT] INDICADORES PROCESOS Y CAPACIDADES GERENCIALES,https://www.valledelcauca.gov.co/loader.php%3FlServicio%3DTools2%26lTipo%3Ddescargas%26lFuncion%3Ddescargar%26idFile%3D596
[PPT] Agenda Semanal,http://www.torreon.gob.mx/cabildo/archivos/ediles/11/semana%252021.pptm
[PPT] Download the PowerPoint presentation. - Humanities Texas,https://www.humanitiestexas.org/sites/default/files/repository-video-item-files/Humanities%2520Texas%2520talk.pptx
[PPT] Presentación de PowerPoint,https://secretariageneral.gov.co/sites/default/files/presentacion_taller_ii_1.pptx
[PPT] cabildo indigena embera chami chichaque,https://www.tribunalsuperiorarmenia.gov.co/medios/presentacion_justicia_indigena_cordoba.pptx
[PPT] Presentación de PowerPoint,https://transparencia.info.jalisco.gob.mx/sites/default/files/INFORME%2520TRIMESTRAL%2520julio-septiembre_1.pptx
