File:en-au-ochre.ogg - Wiktionary,https://en.wiktionary.org/wiki/File:en-au-ochre.ogg
File:En-us-ochre.ogg - Wikimedia Commons,https://commons.wikimedia.org/wiki/File:En-us-ochre.ogg
File:Ochre-flanked Tapaculo (Eugralla paradoxa) (W1CDR0000469 ...,https://commons.wikimedia.org/wiki/File:Ochre-flanked_Tapaculo_(Eugralla_paradoxa)_(W1CDR0000469_BD46).ogg
Archivo:Ochre-flanked Tapaculo (Eugralla paradoxa ... - Wikipedia,https://es.wikipedia.org/wiki/Archivo:Ochre-flanked_Tapaculo_(Eugralla_paradoxa)_(W1CDR0000469_BD46).ogg
Timed text for this file is hosted on Commons - Wikipedia,https://en.wikipedia.org/wiki/TimedText:Ochre-flanked_Tapaculo_(Eugralla_paradoxa)_(W1CDR0000469_BD46).ogg
Carnaval Boom | Just Dance Wiki - Fandom,http://justdance.wikia.com/wiki/File:Samba.ogg
Bailar | Just Dance Wiki - Fandom,http://justdance.wikia.com/wiki/File:Bailar.ogg
