"electronic lodgement of returns : A Dictionary of Taxation, Second ...",https://www.elgaronline.com/view/nlm-book/9781849801225/e1-sec17.xml
[PDF] Distributed Profit Tax; Voluntary Disclosure of Assets; and BEPS ...,https://www.elibrary.imf.org/downloadpdf/journals/002/2019/352/002.2019.issue-352-en.xml
SAM80090: Payments: payments overview: bank lodgement ...,https://www.bloomsburyprofessionalonline.com/view/self_assessment_manual/SAM80090.xml
Provision of Information for Creditors and Lodgement of their Claims,https://www.bloomsburyprofessionalonline.com/view/international_commercial_disputes/b-9781849468558-0032844.xml
Untitled,http://sbr.gov.au/taxonomy/sbr_au_reports/osrqld/ptmrqld/ptmrqld_0001/ptmrqld.0001.lodge.response.02.00.labLinkInfoCls.xml
Untitled,https://www.legislation.qld.gov.au/subscribers/asmade/act-2018-027.xml
owners - BCA,https://www.bca.gov.sg/bmsm_eservice/interactive_userguide/owners/data/srchdata.xml
Untitled,https://www.bca.gov.sg/bmsm_eservice/interactive_userguide/contractors/data/srchdata.xml
checklist tourism visa,http://sydney.itamaraty.gov.br/en-us/checklist_tourism_visa.xml
Tourist Visa,http://camberra.itamaraty.gov.br/en-us/tourist_visa.xml
