[DOC] 13-188 - Maine.gov,https://www.maine.gov/sos/cec/rules/13/188/188c013.doc
[DOC] 61G5-22,https://www.flrules.org/gateway/notice_Files.asp%3FID%3D2032167
[DOC] Running head: ABBREVIATED TITLE - ScholarWorks@UTEP,https://scholarworks.utep.edu/context/stacey_sowards/article/1005/type/native/viewcontent
[DOC] CFRF Workshop 2005,https://nature.berkeley.edu/researchfair/Schol.doc
[DOC] nursing home bankruptcies in California: An Exploratory Study,https://shea.senate.ca.gov/sites/shea.senate.ca.gov/files/NURSING_HOME_BANKRUPTCIES.doc
[DOC] Hemingway Vocab,http://www.lmtsd.org/cms/lib/PA01000427/Centricity/Domain/174/FarewellVocab14wordsStudentCopy.doc
[DOC] External Proficiency Testing - State of Michigan,http://www.michigan.gov/documents/Glextpt_25694_7.wpd__GL_external_proficiency_testing.doc
[DOC] S310 - Lockheed Martin,https://www.lockheedmartin.com/content/dam/lockheed-martin/eo/documents/suppliers/corpdocs/forms/s310.doc
"[DOC] 2003-2004 Bill 420: NASCAR, vehicles provided by manufacturer for ...",https://www.scstatehouse.gov/sess115_2003-2004/bills/420.doc
[DOC] Waving or drowning_resubmitted April16_2015.doc - Northumbria ...,http://nrl.northumbria.ac.uk/23410/1/Waving%2520or%2520drowning_resubmitted%2520April16_2015.doc
[DOC] Exercise-1-ambiguity.doc,http://site.iugaza.edu.ps/wamer/files/2010/11/Exercise-1-ambiguity.doc
"[DOC] Act of Oct. 18, 2000,PL 607, No. 81 Cl. 63 - COSMETOLOGY LAW",https://www.legis.state.pa.us/cfdocs/Legis/LI/uconsCheck.cfm%3FtxtType%3DDOC%26yr%3D2000%26sessInd%3D0%26smthLwInd%3D0%26act%3D0081.
[DOC] The Man to Send Rain Clouds - Lawndale High School,http://lawndalehs.org/ourpages/auto/2008/9/3/1220498445006/The_Man_to_Send_Rain_Clouds.doc
[DOC] 5u4.doc,http://njintouch.state.nj.us/education/modelcurriculum/assessment/pw/ela/5u4.doc
[DOC] 2892 Permanently wave hair - NZQA,https://www.nzqa.govt.nz/nqfdocs/units/doc/2892.doc
[DOC] COUGAR REPORT FORM - National Park Service,https://www.nps.gov/olym/planyourvisit/upload/cougar_form.doc
[DOC] BirdLife International/American Bird Conservancy - ACAP Data Portal,https://data.acap.aq/database/uploads/reporting_20_26/workshop_on_seab-fish_int_peru_june_07_meeting_report~MASTER.doc
[DOC] HERE COMES THE KING—Praise Jesus! - Kids Kount Publishing,"https://kidskountpublishing.com/lessons/2018/03/China/Ages%25204-6/Year%25202/Jesus%2520Gave%2520His%2520Life%2520for%2520Me/Chinese%2520in%2520English%2520Y2%2520Age%25204-6/11-Jesus%2520Gave%2520His%2520Life%2520for%2520Me/KQ%2520Ages%25204-6%2520Y2,%2520Lesson%252042.doc"
