Level Switch - Direct Insert Float Operated - general-gauges.com,https://general-gauges.com/level-instruments-pdf/level-switch-direct-insert-float-operated.pdf
[PDF] Fly in my Email Dennis Stead,http://www.mtfa-springfield.org/wp-content/uploads/2020/04/Fly-in-my-Email-4-9-2020-Attracter-flies-II-on-1-64oz-Double-eye-hook.pdf
[PDF] Fly in my Email Dennis Stead,http://www.mtfa-springfield.org/wp-content/uploads/2020/04/Fly-in-my-Email-4-19-2020-Attracter-flies-III-on-1-64oz-Double-eye-hook.pdf
[PDF] American Beauty Berry Botanical name: Callicara americana Plant ...,http://txmg.org/bell/files/2010/05/Trees-Shrubs-Perennials-Fall-20112.pdf
[PDF] Criteria for strong and weak random attractors - arXiv,https://arxiv.org/pdf/0809.2719
[PDF] Butterfly Bed A Self Guided Tour - LSU AgCenter,https://www.lsuagcenter.com/MCMS/RelatedFiles/%257B1BB4BE50-E55B-490C-AAC0-4AA905FDEB48%257D/Butterfly.pdf
Bifurcation of Novel Seven-Dimension Hyper Chaotic System,https://iopscience.iop.org/article/10.1088/1742-6596/1804/1/012051/pdf
[PDF] Frostweed Verbesina virginica Plant Type: Biennial Light Requirement,http://txmg.wpengine.netdna-cdn.com/bell/files/2010/05/Perennials-2-Fall-2015.pdf
[PDF] (12) Patent Application Publication (10) Pub. No.: US 2009/0189470 ...,https://patentimages.storage.googleapis.com/31/7b/5e/711dc904f027a5/US20090189470A1.pdf
[PDF] Level Switch - Thermal Instruments,https://www.thermalinstrument.net/wp-content/uploads/2019/03/Level-Switch.pdf
[PDF] of Level Switch Float held in,https://2.imimg.com/data2/US/HW/MY-1581730/direct-insert-float-operated.pdf
[PDF] Riley groups and Caruso semigroups,http://math.bu.edu/keio2018/talks/Fried.pdf
Frequency and chaotic analysis of pulsatile motion of blood vessel ...,https://content.iospress.com/download/bio-medical-materials-and-engineering/bme191048%3Fid%3Dbio-medical-materials-and-engineering%252Fbme191048
Live Oak Ridge Park Belton Lake - swf-wc.usace.army.mil,http://www.swf-wc.usace.army.mil/belton/images/Campground%2520maps/Liveoakridge%2520park.pdf
[PDF] Westcliff Park Belton Lake - swf-wc.usace.army.mil,https://www.swf-wc.usace.army.mil/belton/images/Campground%2520maps/Westcliff%2520park.pdf
[PDF] Insects on Parade - DigitalCommons@CalPoly,https://digitalcommons.calpoly.edu/cgi/viewcontent.cgi%3Farticle%3D1882%26context%3Dbts
"[PDF] Community Preservation Committee - Quincy, MA",https://www.quincyma.gov/Agendas%2520%26%2520Minutes/Community%2520Preservation/Minutes/CPC_2017_03_23.pdf
"[PDF] Na,Cl, Li, F, Mg, O, Be, S-IONIC BONDS",https://wordpress.clarku.edu/mat16-caphillips/files/2017/04/img027.pdf
[PDF] 2021 Special Effects Hiko Tray List,https://www.specialeffectsnursery.com.au/pdf/farmtrees_list.pdf
[PDF] Written Testimony in Opposition to House Bill 2795 House ...,http://www.kslegislature.org/li_2012/b2011_12/committees/misc/ctte_h_redist_1_20120507_08_other.pdf
[PDF] Transportation and precipitation characteristics of toxic element in ...,https://confit.atlas.jp/guide/event-img/jpgu2015/02262/public/pdf%3Ftype%3Din
[PDF] The Comprehensive Water Quality and Climate Resiliency Portfolio ...,https://mde.maryland.gov/programs/Air/ClimateChange/MCCC/ARWG/The%2520Comprehensive%2520Water%2520Quality%2520and%2520Climate%2520Resiliency%2520Portfolio.pdf
[PDF] River Park Maintenance through the Regional Flood Control District ...,"https://webcms.pima.gov/UserFiles/Servers/Server_6/File/Government/Administration/CHHmemosFor%2520Web/May%25202014/May%252028,%25202014%2520-%2520River%2520Park%2520Maintenance%2520through%2520the%2520Regional%2520Flood%2520Control%2520District%2520Property%2520Tax%2520Rate%2520Increase.pdf"
Approval of the MERCI Clot Retriever - AHA Journals,https://www.ahajournals.org/doi/pdf/10.1161/01.STR.0000153056.25397.ff%3Fdownload%3Dtrue
[PDF] Proceedings of the Royal Society Hakusan,https://www.web-matsumoto.com/cargo/display/tachiyomi.cfm%3Fgid%3D30013214
"[PDF] Periodic arbits, limit cycles - x = f(x)",https://math.gmu.edu/~memelian/teaching/Fall09/lectures/lec24.pdf
[PDF] Rishi Enviro Tech - IndiaMART,https://www.indiamart.com/rishi-enviro-tech/rishi-enviro-tech.pdf
[PDF] 9.3 chaos on strange altractors.,https://carretero.sdsu.edu/teaching/M-638/lectures/scan_zoom_sec9.3A.pdf
[PDF] Transforming Undergraduate Education in Engineering Phase III,http://docs.asee.org/public/TUEE/PhaseIII/Artifacts/BreakoutSessionI/UniversityExperience.pdf
[PDF] and maps and flows. Fredholm deb and §. fets,http://baladi.perso.math.cnrs.fr/rughman1.pdf
[PDF] Effective Malicious Node Detection and Data Fusion under ...,https://www.ijedr.org/papers/IJEDR1702112.pdf
[PDF] A mechanistic perspective of ecological networks highlights the ...,https://www.biorxiv.org/content/10.1101/192260v1.full.pdf
[PDF] Northern Cheyenne Integrated Solid Waste Management Plan ...,http://cheyennenation.com/nct/executive/Integrated%2520Solid%2520Waste%2520Management%2520Plan.pdf
[PDF] [in]security - Gary McGraw,https://www.garymcgraw.com/wp-content/uploads/2017/11/0504sec.macs_.pdf
[PDF] Exploiting Chaos to Control the Future,http://papers.neurips.cc/paper/872-exploiting-chaos-to-control-the-future.pdf
Preface of the “Symposium on Fractal Analysis and Dynamical ...,https://aip.scitation.org/doi/pdf/10.1063/1.4952034
"[PDF] (5.1) Dissipation, Limit Sets and Attractors",http://www.math.ualberta.ca/~thillen/de5.1.pdf
[PDF] ATTRACTIONS: Synonyms and Related Words. What is Another ...,https://grammartop.com/attractions-synonyms/%3Fpdf%3D44519
[PDF] Quiz #2 - UCI Math,http://math.uci.edu/~asgor/Math3DSpring2010/Math%25203D%2520Quiz%25202%2520Solution.pdf
[PDF] Real Estate Opportunities In India - CFA Institute,https://www.cfainstitute.org/-/media/regional/arx/post-pdf/2019/08/21/real-estate-opportunities-in-india.ashx
