[PPT] american oriental society,https://warwick.ac.uk/fac/arts/history/students/modules/hi323/lectures/the_idea_of_orientalism_hodges_2016.pptx
"[PPT] Edward Said, Orientalism",https://warwick.ac.uk/fac/arts/english/currentstudents/undergraduate/modules/fulllist/first/en122/lecturelist-2016-17-2/en122-said-hall-2017.pptx
[PPT] ORIENTALISM Edward Said,http://fbemoodle.emu.edu.tr/mod/resource/view.php%3Fid%3D26793
[PPT] Orientalism and International Engagement,http://ethicsofisl.ubc.ca/downloads/3.7_orientalism.pptx
[PPT] Postcolonial legacies - QMplus,https://qmplus.qmul.ac.uk/mod/resource/view.php%3Fid%3D1823506
"[PPT] Since the publication of Orientalism (1978), by Edward Said, the ...",http://meskc.ac.in/wp-content/uploads/2019/06/Edward-Said-OrientalismAbdul-Muneer-History.pptx
[PPT] Orientalism - ResearchGate,https://www.researchgate.net/profile/Doha-Al-Sayed/publication/322364918_Orientalism_in_Khaled_Husseini's_The_Kite_Runner/links/5a561e82a6fdcc30f86d278d/Orientalism-in-Khaled-Husseinis-The-Kite-Runner
[PPT] Europe in anthropological imagination. Orientalism and Occidentalism.,https://dl1.cuni.cz/mod/resource/view.php%3Fid%3D384108
[PPT] Dramatic Alternatives,http://www.oup.com/us/static/companion.websites/taruskin/ppts/Taruskin_chapter_26.pptx
