"\""welcome.to.squeezebox\""",http://210.202.233.158/login1/www.google.com/amp/%255C%2522plog/coppercop/perform.ini
inet/omnetpp.ini at master · inet-framework/inet - diffserv - GitHub,https://github.com/inet-framework/inet/blob/master/examples/diffserv/simple_/omnetpp.ini
dupics - Password,http://210.200.17.144/login/log/..%25252f..%25252f..%25252f..%25252f..%25252f..%25252f..%25252f..%25252fwindows/win.ini
Execution of this s?ri?t not permitted,http://203.187.87.168/login/modules/AllMyGuests/preferences.ini
Burr Oak Tool Inc.: Home,http://can-inn.com.mx/home/language/en-GB/en-GB.mod_search.ini
axis - My Resource,http://210.63.253.163/login_out/ds.py/classes//..0x5c..0x5c..0x5c..0x5c..0x5c..0x5c..0x5c..0x5cwindows/win.ini
