[DOC] You will receive a grade for your Ning participation (http://classlines,https://www.msjkeeler.com/uploads/1/4/0/6/1406968/blogparticipation.doc
[DOC] 3GPP TS 32.300,https://www.3gpp.org/ftp/Inbox/SA5/Inbox/Drafts/S5-145285d1%2520Rel-12%2520CR%252032300%2520Rephrase%2520feature%2520support%2520statement.doc
[DOC] Rephrasing - WordPress.com,https://youreflcorner.files.wordpress.com/2016/11/ejercicios_rephrasing_2012_doc_20216.doc
[DOC] Glossary of Acceptable Terms - IN.gov,https://www.in.gov/spd/files/Basic_Etiquette.doc
[DOC] Ethical Proverbs,https://www.ntschools.org/cms/lib/NY19000908/Centricity/Domain/680/Lesson%25202_Worksheet_Ethical%2520Proverbs.doc
"[DOC] Rewording the Question (the ""R"" in ""RACE"")",http://www.montgomery.k12.ky.us/userfiles/1645/Classes/20573/Tips%2520for%2520Answering%2520a%2520Constructive%2520Response-1.doc
[DOC] BasisAndPurposeAttachment2020-00149.doc,https://www.sos.state.co.us/CCR/Upload/AGORequest/BasisAndPurposeAttachment2020-00149.doc
[DOC] Rephrasing and Summarising,https://tcssgnn.files.wordpress.com/2020/01/rephrasing-and-summarising.doc
[DOC] Letter dated 01/28/04 to Redacted re - Department of Education,https://sites.ed.gov/idea/files/idea/policy/speced/guid/idea/letters/2004-1/redact012804fape1q2004.doc
[DOC] Characteristics of Teachers,https://www.sunyacc.edu/sites/default/files/characteristicsteachers.doc
