[PDF] Letterboxing 101 - Girl Scouts of Southwest Indiana,https://www.girlscouts-gssi.org/content/dam/girlscouts-girlscouts-gssi/documents/Camp/Letterboxing%2520101%2520for%2520Girl%2520Scouts.pdf
[PDF] Letterboxing Patch - Girl Scouts of Connecticut,https://www.gsofct.org/content/dam/girlscouts-gsofct/resources/program/patch-programs/LetterboxingPatchProgram.pdf
[PDF] Letterboxing is like a real - treasure - Girl Scout Troop 20146,https://troop20146.files.wordpress.com/2015/08/br_letterboxer.pdf
[PDF] Letterboxing,https://www.gsoh.org/content/dam/girlscouts-gsoh/documents/volunteers/2020/virtual-adult-camporee/Letterboxing.pdf
[PDF] EARTHPLACE LETTERBOXES,http://earthplace.org/wp-content/uploads/2021/06/Earthplace-Letterboxes.pdf
[PDF] LETTERBOXING,https://www.gcv.org/upload/PDF/CircleLTRBX.pdf
[PDF] Letterboxing Information Sheet - Atlas Quest,https://www.atlasquest.com/toolbox/forms/infosheets.pdf
[PDF] Letterboxing at Flanders Nature Center & Land Trust,http://flandersnaturecenter.org/wp-content/uploads/2016/10/Flanders-2014-Launching-Series-AnIntrotoltrbxingatFNC.pdf
[PDF] Adventures in Letterboxing,http://www.letterboxing.info/PLGS/Adventures_in_Letterboxing_Handout.pdf
[PDF] How to Print and Assemble the First Wilderness Letterboxing Trail ...,https://public.warrencountyny.gov/gis/letterboxing/Letterboxing%2520Passport%2520DRAFT.pdf
