GENERATIONAL PODCAST - Buzzsprout,https://feeds.buzzsprout.com/1908404.rss
Generational Curse Podcast - Buzzsprout,https://feeds.buzzsprout.com/1027972.rss
The Tobin Podcast - Audioboom,https://audioboom.com/channels/4972686.rss
WestWinds Community Church,https://www.westwindschurch.com/media.rss
https://forum.nameberry.com/t/generational-caf/405...,https://forum.nameberry.com/t/generational-caf/405448.rss
Deliver Us From Ervil,https://www.omnycontent.com/d/playlist/e73c998e-6e60-432f-8610-ae210140c5b1/dbb4caed-05d0-4871-bf5c-ae7d0113964e/2c904ce8-4a15-453a-bde3-ae7d0114315f/podcast.rss
Bad Vibes - Simplecast,https://pod.link/1557912286.rss
Carrier - Megaphone,https://pod.link/1468956772.rss
BEAR vs PIG - Substack,https://api.substack.com/feed/podcast/322926.rss
Build For Tomorrow - Megaphone,http://feeds.soundcloud.com/users/soundcloud:users:220006686/sounds.rss
Eating Fried Chicken in the Shower - RNZ,https://www.rnz.co.nz/oggcasts/eating-fried-chicken.rss
Grace Family Baptist Church - Conroe - Sermon Audio,https://www.sermonaudio.com/rss_source.rss%3Fsourceid%3Dgfbcconroe
Man On Mission - Apprenticeship To Jesus In All Of Life,https://podcast.manonmission.org/242469.rss
Everyday Wealth - Megaphone,https://omny.fm/shows/everyday-wealth/playlists/podcast.rss
Building my Career - RGV - PodServe.fm,https://www.podserve.fm/series/rss/2466/building-my-career-rgv.rss
Opinion | The Drum,https://www.thedrum.com/opinion/2016/04/28/index.rss%3Fpage%3D34
