Watch Video Game Dos_xwing_gus_pnp - Page 115 - Shacknews,https://www.shacknews.com/ftp:/78.46.141.148/videos/dos_xwing_gus_pnp.mkv%3Fpage%3D115
Watch Video Game Dos_xwing_gus_pnp - Page 125 - Shacknews,https://www.shacknews.com/ftp:/78.46.141.148/videos/dos_xwing_gus_pnp.mkv%3Fpage%3D125
Collective Dynamics of Model Pili-Based Twitcher-Mode Bacilliforms,https://europepmc.org/articles/pmc7330051/bin/41598_2020_67212_moesm2_esm.mkv
Friends.Online.Movie.1440P.High.Resolution.Full.Hd.mkv,https://seesaawiki.jp/derutan/d/Friends.Online.Movie.1440P.High.Resolution.Full.Hd.mkv
"untitled.mkv | 新木望 Lyrics, Song Meanings, Videos, Full Albums ...",https://sonichits.com/video/%25E6%2596%25B0%25E6%259C%25A8%25E6%259C%259B/untitled.mkv
Zalgo Text Generator C̴o̴n̴ve̴r̴t̴ Your ƬΣXƬ in Z̷a̷l̷g̷o̷,https://primeuploads.com/63866798f6fc5959/BRBSKMHD_(2020)_Www.SkymoviesHD.Rip_480p_HDRip_Bengali_x264_ESubs.mkv
"Everything Inside: Stories Paperback - Danticat, Edwidge - Amazon.ca",http://www.multiup.org/fichiers/download/8a9ce78b66fd9b8f257723bc4e327516_161___Le_Cruel_Arrancar._La_Provocation_d_Ulquiorra.mkv
Unsporting: How Trans Activism and Science Denial are Destroying ...,http://www.multiup.org/fichiers/download/ee144a1553f823c65fc93db1af04393b__gtradsub__Saint_Seiya_Omega___04_HD_vostfr__10bit_.mkv
On.the.Case.With.Paula.Zahn.S22E08.Evidence.Lost ... - BTDigg,https://btdig.com/34693262a6fc86aa3abaea7101bbfa71ece28193/on.the.case.with.paula.zahn.s22e08.evidence.lost.justice.found.480p.x264%3Dmsd%5Beztv.re%5D.mkv
