Toledo bats stifled in 4-1 loss to Columbus | The Blade,https://www.toledoblade.com/sports/pro/2017/06/26/Toledo-bats-stifled-in-4-1-loss-to-Columbus/stories/feed/index.rss
Firehouse smoke in Pioneer stifled fast | The Blade,https://www.toledoblade.com/local/police-fire/2001/08/07/Firehouse-smoke-in-Pioneer-stifled-fast/stories/feed/index.rss
VoxTalks Economics - Audioboom,https://audioboom.com/channels/4966228.rss
Growing Destinations - Buzzsprout,https://feeds.buzzsprout.com/1918007.rss
daily-newsarticles.rss - Ball State Daily,https://www.ballstatedaily.com/section/daily-newsarticles.rss%3Fpage%3D205%26per_page%3D20
Dear Therapists with Lori Gottlieb and Guy Winch - Megaphone,https://pod.link/1523340696.rss
By Request: I wrote Reddit Enhancement Suite - AMA - r/IAmA,https://libreddit.some-things.org/r/IAmA/comments/et7vu/by_request_i_wrote_reddit_enhancement_suite_ama.rss
Deputy Minister Drulák signed Memorandums of Understanding with ...,https://www.mzv.cz/jnp/en/issues_and_press/archive/events_and_issues/x2014/x2014_07_08_deputy_minister_drulak_signed.rss%3Fforce_format%3Dmobile
TED Podcast | Science and Medicine,https://pa.tedcdn.com/feeds/playlists/705.rss%3Flang%3Den%26apikey%3D172BB350-0011
The Fox News Rundown - Megaphone,https://omny.fm/shows/the-fox-news-rundown-1/playlists/podcast.rss
