[DOC] https://www.nrvaoa.org/aging-in-place/assets/docum...,https://www.nrvaoa.org/aging-in-place/assets/documents/sample-workshop-evaluation-2020.docx
[DOC] Retiree Update - Sheppard Air Force Base,https://www.sheppard.af.mil/Portals/65/Documents/1ST%2520DRAFT%2520RETIREE%2520NEWS%2520UPDATE%2520FALL%2520WIMTER%25202017.docx%3Fver%3D2017-08-24-151049-217
[DOC] Becky's Remarks,https://www.aceweb.org/resources/Documents/21June_Koch_Fellow_Award.docx
[DOC] ILEA-Retired-Officer-Course-of-Fire.docx - IN.gov,https://www.in.gov/ilea/files/ILEA-Retired-Officer-Course-of-Fire.docx
[DOC] 2021-08-20 minutes - Shasta County,https://www.co.shasta.ca.us/docs/libraries/hhsa-docs/commissiononaging/minutes/2021-08-20-minutes.docx%3Fsfvrsn%3D2d3da989_2
[DOC] 2021-07-16 minutes - Shasta County,https://www.co.shasta.ca.us/docs/libraries/hhsa-docs/commissiononaging/minutes/2021-07-16-minutes.docx%3Fsfvrsn%3D2c3da989_2
[DOC] Appendix 6 - Program Requirements.docx,https://etf.wi.gov/sites/default/files/2020-01/Appendix%25206%2520-%2520Program%2520Requirements.docx
[DOC] www.lawyersclearinghouse.org/wp-content/uploads/20...,http://www.lawyersclearinghouse.org/wp-content/uploads/2016/03/John-Bowman-article-final-JB-revisions.docx
[DOC] Email-letter-to-friends-about-TELOS.docx - StudentWeb,https://studentweb.bellevuecollege.edu/telos-tso/wp-content/uploads/sites/24/2015/07/Email-letter-to-friends-about-TELOS.docx
[DOC] Democratic Nominee Name - Alaska Division of Elections,http://www.elections.alaska.gov/election/2020/Primary/Phillips_Rick_HD15_web.docx
[DOC] COA Meeting Minutes - Bedfordma.gov,https://www.bedfordma.gov/council-on-aging/minutes/coa-meeting-minutes-0
[DOC] BIOL117.001.FA20 - UNC DEPARTMENT OF BIOLOGY,https://bio.unc.edu/wp-content/uploads/sites/353/2019/07/117-J-DeSaix-Garland-F20.docx
[DOC] Award of Merit Nomination - National Concrete Masonry Association,https://ncma.org/wp-content/uploads/2019/06/Lifetime-Achievement-Nomination-Form-brkt.docx
[DOC] Reflective Listening,https://www.dshs.wa.gov/sites/default/files/DDA/dda/documents/04-08-16%2520Tacoma%2520-Reflective%2520Listening%2520-CE%2520Training%2520Flyer.docx
[DOC] October 2021 Minutes - Florida Psychological Association,https://www.flapsych.com/resource/resmgr/bod_minutes/October_21_Palm_Chapter.docx
[DOC] Potentially Useful Books for Personal and Business Finance,https://www.farmcreditofvirginias.com/sites/default/files/Knowledge%2520Center%2520Assets/AgBiz%2520Portal/Potentially%2520Useful%2520Books%2520for%2520Personal%2520and%2520Business%2520Finance.docx
[DOC] Hotel accommodation survey - Ada County,https://adacounty.id.gov/informant/wp-content/uploads/sites/59/2015/09/Volunteer-Application-Form-8_2015.docx
[DOC] UAF-KUAC-22june17.docx,https://uaf.edu/news/archives/wordpress-images/2017/06/UAF-KUAC-22june17.docx
[DOC] Comments on the Fourth Periodic Report Submitted by Hong Kong ...,https://tbinternet.ohchr.org/Treaties/CCPR/Shared%2520Documents/HKG/INT_CCPR_IFS_HKG_42141_E.docx
[DOC] NACC COVID-19 Resources and Listening Session Highlights,https://www.nacc.org/wp-content/uploads/2021/03/03.09.21.docx
[DOC] https://www.goucher.edu/alumni/documents/aw18-1968...,https://www.goucher.edu/alumni/documents/aw18-1968-questionnaire.docx
[DOC] GOVERNOR'S COUNCIL ON DISABILITIES AND SPECIAL,https://aws.state.ak.us/OnlinePublicNotices/Notices/Attachment.aspx%3Fid%3D101718
[DOC] OLLI at Pitt Membership Handbook,https://www.olli.pitt.edu/sites/default/files/Updated%2520Pitt%2520Olli%2520Member%2520Handbook%252006112021.docx
[DOC] 2018-retirement-benefit-highlights-for-retired-city-employees ...,https://www.lakelandgov.net/media/7017/2018-retirement-benefit-highlights-for-retired-city-employees-updated-for-2018.docx
[DOC] course syllabus - St. Petersburg College,https://web.spcollege.edu/instructors/uploads/69d8f7ca0e/COURSE_SYLLABUS_LDR_2001_3_15_21_(1).docx
"[DOC] 1956 bedford, zelma - Geneva, NE",https://www.genevane.org/Archive.aspx%3FADID%3D244
[DOC] edu--woodhouse.docx - University of Leicester,https://le.ac.uk/-/media/uol/docs/study/funded-ops/2022-projects/future-100/f100-cssah/edu--woodhouse.docx
[DOC] PPG_Report_-_March_14.docx - The Surgery - Lyminge,https://www.thesurgerylyminge.nhs.uk/website/G82652/files/PPG_Report_-_March_14.docx
[DOC] March Meeting Minutes - NASW-NYS,https://naswnys.org/wp-content/uploads/2021/05/Central-and-Southern-Division-Steering-Committee-Meeting-Minutes-03092021.docx
[DOC] Steve.docx - NOCALL,https://nocall.org/wp-content/uploads/2018/03/Steve.docx
[DOC] https://www.odvn.org/wp-content/uploads/2020/07/Ch...,https://www.odvn.org/wp-content/uploads/2020/07/Christie-Vargo-Bio-1.docx
[DOC] application form for nzoa senior and emeritus membership,https://nzoa.org.nz/sites/default/files/NZOA%2520Membership%2520Application%2520Form%2520Senior%2520and%2520Emeritus%2520Membership%2520-%25202021.docx
[DOC] Retirement Now vs. Retirement Then - FMG Video Live,https://static.fmgsuite.com/media/documents/f804816f-d417-48b3-9d4b-91935b00eede.docx
[DOC] Transcript,https://www.wku.edu/view/view_transcripts/view-2017-7-27.docx
[DOC] Bio_Welter.docx - Serra International |,https://www.serrainternational.org/sites/default/files/Bio_Welter.docx
[DOC] IVC-NEPA-Volunteer-Application.docx,https://ivcusa.org/wp-content/uploads/2017/05/IVC-NEPA-Volunteer-Application.docx
[DOC] 6 Word Origins 1.docx - Moore Public Schools,https://www.mooreschools.com/cms/lib/OK01000367/Centricity/Domain/1514/6%2520Word%2520Origins%25201.docx
[DOC] https://committees.parliament.uk/writtenevidence/7...,https://committees.parliament.uk/writtenevidence/7739/default/
[DOC] St. Louis County Parks Foundation-Year End Report,https://stlcountyparksfoundation.org/wp-content/uploads/2021/04/SLCPF-Year-End-Report-2020-v2-04052021.docx
[DOC] Minutes February 2019,https://theipi.org/wp-content/uploads/2019/08/FDC-Minutes-February-2019.docx
[DOC] Disability Rights Maryland Board Member Brief Biographies,http://disabilityrightsmd.org/wp-content/uploads/2017/05/DRM-Board-Bios-April-2017.docx
[DOC] paid-up life insurance - Inter Faculty Organization,https://www.ifo.org/s/2021-Issues-for-Faculty-Members-Considering-Retirement.docx
[DOC] usapalmhn.org/wp-content/uploads/2021/05/Akhtar-Pe...,http://usapalmhn.org/wp-content/uploads/2021/05/Akhtar-Petition.docx
[DOC] new-members-information-leaflet-03.20.docx - Amazon S3,https://s3-eu-west-1.amazonaws.com/s3.spanglefish.com/s/34156/documents/information-leaflet/new-members-information-leaflet-03.20.docx
[DOC] Global Majority - Leeds Beckett University,https://www.leedsbeckett.ac.uk/-/media/files/schools/school-of-education/final-leeds-beckett-1102-global-majority-9221.docx
[DOC] Application to pay membership fees at a concessionary rate for 2021,https://www.energyinst.org/%3Fa%3D665733
[DOC] internal dispute resolution guidelines for retirement village owners ...,https://www.consumer.vic.gov.au/library/publications/businesses/retirement-village-operators/internal-dispute-resolution-guidelines-for-retirement-village-owners-and-managers-word.docx
[DOC] section i – introduction - the OLLI at UCI Blog,https://olliuci.files.wordpress.com/2021/06/section-i-introduction-1.docx
[DOC] Math 4 Syllabus - North Fork Local Schools,https://www.northfork.k12.oh.us/Downloads/Math%25204-Financial%2520Algebra-Syllabus.docx
[DOC] www.campdream.org/wp-content/uploads/2021/05/DRAFT...,http://www.campdream.org/wp-content/uploads/2021/05/DRAFT.Spring-Womens-2021-Program.Jen_.docx
