"[PPT] Ureters, Urinary Bladder, Urethra - KSUMSC",http://ksumsc.com/download_center/Archive/1st/436/5-%2520Renal%2520Block/Teamwork/Anatomy/2-Ureters%252C%2520Urinary%2520Bladder%252C%2520Urethra.pptx
[PPT] The Urinary System,https://vetmed.tamu.edu/peer/wp-content/uploads/sites/72/2020/01/the-Urinary-System-NXPowerLite.pptx
[PPT] The Urinary System,http://jhs.lsc.k12.in.us/common/pages/DisplayFile.aspx%3FitemId%3D8293320
[PPT] Urinary System,https://www.cusd200.org/cms/lib/IL01001538/Centricity/Domain/347/Urinary%2520System.pptx
[PPT] URETER,http://www.careermedical.in/online-class/ureter%2520anatomy.pptX
[PPT] Essential Question What are the structures of the urinary system?,https://www.lcsnc.org/cms/lib/NC01911169/Centricity/Domain/3195/4.01%2520Structures%2520of%2520the%2520Urinary%2520System.pptx
[PPT] PowerPoint Presentation,https://www.velocityhc.com/wp-content/uploads/2019/09/Genitourinary-Systems.pptx
[PPT] Genital Urinary Trauma - STRAC,https://www.strac.org/files/Trauma/STN%2520Section%25203%2520Single%2520Systems/Presentations/11_Genitourinary%2520Injuries.pptx
[PPT] Learning curve for detection of pelvic parts of ureters by transvaginal ...,https://www.isuog.org/asset/8313C077-6724-4FB6-8D2B493035B6D1A0/
