Aaa87654M.flv - Lady Banana XXVIDEO,https://www.ladybanana.co.uk/video17068621/aaa87654m.flv
080 Pingu Refuses To Help.flv - pingu - filmy - kris320 - Chomikuj.pl,"http://chomikuj.pl/kris320/filmy/pingu/080%2BPingu%2BRefuses%2BTo%2BHelp,1157374185.flv"
Dynamo Magician Compilation NEW 720p 2012 [zapiska.pl].flv ...,"http://chomikuj.pl/bartekjez83/dynamo%2Bmagician/Dynamo%2BMagician%2BCompilation%2BNEW%2B720p%2B2012%2B*5bzapiska.pl*5d,2152099346.flv"
