"Full text of ""The Yoke Room at Yokefellow Institute"" - Internet Archive",https://archive.org/stream/in311jtanis/in311jtanis_djvu.txt
https://ufdcimages.uflib.ufl.edu/AA/00/08/05/98/00...,https://ufdcimages.uflib.ufl.edu/AA/00/08/05/98/00002/01181.txt
www.godrules.net/library/strongs/gre4805.txt,http://www.godrules.net/library/strongs/gre4805.txt
mostoller-vallie-e.txt - USGenWeb Archives,http://files.usgwarchives.net/pa/somerset/obits/m5/mostoller-vallie-e.txt
dist.txt - FamilySearch,https://www.familysearch.org/service/records/storage/das-mem/patron/v2/TH-904-81216-852-57/dist.txt%3Fctx%3DArtCtxPublic
BORN-AGAIN 'FAQ' - Berkeley Math,http://www.math.berkeley.edu/~magidin/atheism/dawn/iguana25.txt
The Role of Women in the Church - Jesus -is-Lord.com,https://www.jesus-is-lord.com/women.txt
King Lear - TXT - The Folger SHAKESPEARE,https://shakespeare.folger.edu/downloads/txt/king-lear_TXT_FolgerShakespeare.txt
Henry V - TXT - The Folger SHAKESPEARE,https://shakespeare.folger.edu/downloads/txt/henry-v_TXT_FolgerShakespeare.txt
www.scripturestudies.com/Vol4/text/sstdtxd3.txt,http://www.scripturestudies.com/Vol4/text/sstdtxd3.txt
