[PPT] PowerPoint Presentation,https://clas.iusb.edu/pdf/sustainability-studies/docs/introsustainslides.ppt
[PPT] What is Sustainability? - cloudfront.net,https://d32ogoqmya1dw8.cloudfront.net/files/integrate/teaching_materials/water_sustainability/bullpresentation_slides_1.v2.pptx
[PPT] Sustainability and Stewardship,https://www.csbsju.edu/Documents/Sustainability/pdf/Sustainability%2520and%2520Stewardship.pptx
[PPT] Sustainable Jersey - US Environmental Protection Agency,https://www.epa.gov/sites/production/files/2016-11/cultivatingsmallbusinesssustainability.pptx
[PPT] Sustainable vs. Traditional Manufacturing,https://fcmf.utk.edu/wp-content/uploads/2019/07/Sustainable-vs.-Traditional-Manufacturing.pptx
"[PPT] Sustainability: Four Global Roots, One Future Outlook",https://www.usf.edu/pcgs/schonfeldsustainabilityfull.pptx
[PPT] Essential Question of Economic sustainability,https://www.uwsp.edu/cnr-ap/wcee/Documents/Ikerd_Essential%2520of%2520Economic%2520Sustainability%2520--%2520Powerpoint_January6.ppsx
[PPT] Sustainable Development - buildOn,https://www.buildon.org/wp-content/uploads/2021/08/Session-6_-What-Makes-Development-Sustainable_.pptx
[PPT] PowerPoint Presentation - Institute For Sustainable Infrastructure |,https://sustainableinfrastructure.org/wp-content/uploads/2019/12/Sustainability-and-the-Role-of-Envision_lr.pptx
[PPT] Transforming Our World: 2030 Agenda for Sustainable Development,https://bankimooncentre.org/wp-content/uploads/2020/06/UN_DPI_SDG_presentation_generic_final_1.pptx
