SIZE YANGU.MKV 3分钟,https://zh-gay.xvine.mx/video32053631/size_yangu.mkv
