Secunia PSI 1.0.3 APK Download - Android Tools Apps,https://apk-dl.com/secunia-psi/com.secunia.msi
"Acumulatori MSI, baterie MSI - Acumulator Shop",https://www.acumulator-shop.ro/acumulator-pentru-laptop/msi/m1.10.MSI
