[DOC] DISCUSSION HELP-HINTS-Marooned for Freedom.docx,https://www.nps.gov/common/uploads/teachers/lessonplans/DISCUSSION%2520HELP-HINTS-Marooned%2520for%2520Freedom.docx
"[DOC] Grandpa's Story: A Comb, Penknife And Handkerchief By: NPR Staff",https://achievethecore.org/file/1427
[DOC] American Pie By Don McLean VERSE 1 A long long time ago V ...,http://www.mtsd.k12.nj.us/cms/lib5/NJ01000127/Centricity/Domain/32/chamber%2520choir/American%2520Pie%2520-%2520Lyrics%2520and%2520Song%2520Form%2520-%2520Student%2520Assignment.docx
"[DOC] Parr Life, Death, and the In-Between Life is often a cause for ...",https://canvas.uw.edu/users/4006145/files/78239877/download%3Fdownload_frd%3D1%26verifier%3DTP9NNX4mb2zSfueSEVeqXbxWVLaTUu9oiQd1mYvQ
[DOC] Download Sample - SolutionBank.co,https://solutionbank.co/Sample/tb800/PS296-TB/sample-Test%2520Bank%2520The%2520Last%2520Dance%253B%2520Encountering%2520Death%2520and%2520Dying%252010th%252010E.docx
[DOC] The Visitation Lora Bray I was fifteen years old the first time I saw a ...,https://www.skyislandjournal.com/s/Lora-Bray_The-Visitation_Creative-Nonfiction-em8p.docx
"[DOC] October, 2016 - Funeral Consumers Alliance",https://funerals.org/wp-content/uploads/2017/06/2016-October-FCA-BOT-Minutes-APPROVED.docx
"[DOC] Lyrics to American Pie, Pt.1 by Don Mclean A long, long time ago I ...",https://www.speechwire.com/files/12341-Discussion%2520Documents.docx
