scrolling-apis-subpixel-expected.txt - Google Git,https://chromium.googlesource.com/chromium/src/%2B/b7b11b629/third_party/WebKit/LayoutTests/fast/scrolling/scrolling-apis-subpixel-expected.txt
fixed-position-scroll-into-view-expected.txt - Google Git,https://chromium.googlesource.com/chromium/src/%2B/b7b11b629/third_party/WebKit/LayoutTests/fast/scrolling/fixed-position-scroll-into-view-expected.txt
macvim/scroll.txt at master - GitHub,https://github.com/macvim-dev/macvim/blob/master/runtime/doc/scroll.txt
scroll.txt - Games,http://gamers.org/dEngine/rsc/pcgpe-1.0/scroll.txt
hero-banner-ai-institute.txt - Deloitte,https://www2.deloitte.com/content/dam/html/us/ceros/ceros-content/hero-banner-ai-institute.txt
sxsw-ceros-2020.txt - Deloitte,https://www2.deloitte.com/content/dam/html/us/ceros/ceros-content/sxsw-ceros-2020.txt
readme.txt - L'Oreille Electrique,http://www.loreilleelectrique.org/wp-content/plugins/news-announcement-scroll/readme.txt
session-5-trainer-notes.txt,https://www.azdhs.gov/documents/preparedness/emergency-medical-services-trauma-system/data/ASTR/trauma-one-report-training-webinars/session-5-trainer-notes.txt
092719_embed_code.txt - Yale Climate Connections,https://www.yaleclimateconnections.org/dl/embed/092719_embed_code.txt
readme.txt - Airboat Rides Jupiter,http://www.airboatridesjupiterflorida.com/wp-content/plugins/mousewheel-smooth-scroll/readme.txt
fullpane.txt - Themify,https://themify.me/changelogs/fullpane.txt
facebook,https://opp.pr.gov/facebook/facebook.txt
Dead Sea Scrolls - The Christian Coptic Orthodox Church Of Egypt,http://www.coptic.net/articles/DeadSeaScrolls.txt
mapscroll.txt,http://www.devrs.com/gb/files/mapscroll.txt
Pixel By Pixel Scrolling - Pete's QBasic Site,http://www.petesqbsite.com/sections/tutorials/tutorials/scroll.txt
v038358_ex10-1.txt - SEC.gov,https://www.sec.gov/Archives/edgar/data/1202081/000114420406011377/v038358_ex10-1.txt
https://britzl.github.io/roguearchive/files/misc/R...,https://britzl.github.io/roguearchive/files/misc/ROGEHINT.TXT
infinite-scroll-help.txt - Tumblr,http://static.tumblr.com/q0etgkr/4oilcmw4j/infinite-scroll-help.txt
1911-scroll.txt - USGenWeb Archives,http://files.usgwarchives.net/co/grand/directories/1911-scroll.txt
the skinny on nes scrolling - 3DS Capture,http://3dscapture.com/NES/skinny.txt
"Full text of ""Understanding The Dead Sea Scrolls"" - Internet Archive",https://archive.org/stream/UnderstandingTheDeadSeaScrolls/Understanding%2520the%2520Dead%2520Sea%2520Scrolls%2520-%2520Hershel%2520Shanks_djvu.txt
readme.txt - Rannet Junior School,http://rannetjuniorschool.com/wp-content/plugins/sp-news-and-widget/readme.txt
SourcesWPE.txt - Apple Open Source,https://opensource.apple.com/source/WebCore/WebCore-7611.2.7.1.4/SourcesWPE.txt
third_party/WebKit/LayoutTests/paint/invalidation/compositing/scroll ...,https://codereview.chromium.org/2321183002/diff/20001/third_party/WebKit/LayoutTests/paint/invalidation/compositing/scroll-fixed-squahed-layer-expected.txt
README.txt,http://www.planning.gov.tt/sites/all/modules/continuous_rss_scrolling/README.txt
dist.txt - FamilySearch,https://www.familysearch.org/service/records/storage/das-mem/patron/v2/TH-904-73777-4193-74/dist.txt%3Fctx%3DArtCtxPublic
FLD - Scrolling the screen by Marek Klampar - Antimon,http://www.antimon.org/dl/c64/code/fld.txt
webroot/http/plugins/datatables/extensions/FixedColumns/Readme ...,https://www.powershellgallery.com/packages/7DaysToDieManager/1.0/Content/webroot%255Chttp%255Cplugins%255Cdatatables%255Cextensions%255CFixedColumns%255CReadme.txt
README.txt - New York YIMBY,https://newyorkyimby.com/wp-content/plugins/ajax-load-more/README.txt
contributors.txt - MDN Web Docs,https://developer.mozilla.org/en-US/docs/Web/CSS/-webkit-overflow-scrolling/contributors.txt
StreamingFull.txt,http://es.presidencia.gov.co/ContenidoVinculado/StreamingFull.txt
imgviewer-5680.txt - International Cloud Atlas,https://cloudatlas.wmo.int/imgviewer-5680.txt
readme.txt - Arnaud Monin Avocat,http://arnaud-monin-avocat.fr/wp-content/plugins/page-scroll-to-id/readme.txt
Scrl-343.txt - NetHack Wiki,https://nethackwiki.com/wiki/Scrl-343.txt
DirectionMaps.txt,https://building.saccounty.net/SiteAssets/DirectionMaps.txt
readme.txt,http://clubqueretaro.com/online/wp-content/plugins/image-horizontal-reel-scroll-slideshow/readme.txt
Changelog.txt - Steel and Wire,http://www.steelandwireproducts.com/catalogs/Changelog.txt
mario5.txt - CS50 CDN,https://cdn.cs50.net/2019/fall/tracks/games/mario5/lang/en/mario5.txt%3Fhighlight
Page_Source.txt - Google Groups,https://groups.google.com/group/selenium-users/attach/f37c025be401ae89/Page_Source.txt%3Fpart%3D0.1
Military-Records,"https://www.secnav.navy.mil/mra/bcnr/SiteAssets/DoD-Announces-New-Outreach-Efforts-Regarding-Discharges,-Military-Records.txt"
readme.txt - LabCollector,https://www.labcollector.com/wp-content/plugins/wpfront-scroll-top/readme.txt
20170011209.txt,https://boards.law.af.mil/ARMY/BCMR/CY2017/20170011209.txt
LC-PDF-Docs.txt - LiveCode Downloads,http://downloads.livecode.com/business/LC-PDF-Docs.txt
readme.txt - Historia.org,https://historia.org.pl/wp-content/plugins/ditty-news-ticker/readme.txt
zikamicro.txt - Maryland.gov,https://health.maryland.gov/phpa/Documents/zikamicro.txt
changes.txt,http://no2014.uib.no/eNo/js/jquery.scrollTo-1.4.7/changes.txt
5eb1c04d6ed3923a8b58242b_f...,https://uploads-ssl.webflow.com/5ce251dc0b5f0b47f32613a9/5eb1c04d6ed3923a8b58242b_fullpage.js.txt
[2021-04-24]-[WordPress]-[CWE-79]-Smooth-Scroll-Page-UpDown ...,https://m0ze.ru/vulnerability/%5B2021-04-24%5D-%5BWordPress%5D-%5BCWE-79%5D-Smooth-Scroll-Page-UpDown-Buttons-WordPress-Plugin-v1.3.txt
TODO.txt,http://dalab.se.sjtu.edu.cn/gitlab/xiaoyuwei/imgui/-/raw/9912f7eef80a7f8fda21a5c92eb4fcc4e32ee4dd/TODO.txt
readme.txt,https://layali.se/wp-content/plugins/sp-news-and-widget/readme.txt
Change Log - Parallels,https://download.parallels.com/ras/v18/RAS%2520Client%2520for%2520Android%2520Changelog.txt
Banana ANSI BBS emulation. - VT100.net,https://vt100.net/shuford/terminal/banana_ansi_bbs.txt
www.amicuspublico.com/wp-content/plugins/sp-news-a...,http://www.amicuspublico.com/wp-content/plugins/sp-news-and-widget/readme.txt
Battlespire:README.TXT - The Unofficial Elder Scrolls Pages (UESP),https://en.uesp.net/wiki/Battlespire:README.TXT
Readme.txt,https://events.saso.gov.sa/rss/back/Content/Admin/plugins/datatables/extensions/Scroller/Readme.txt
readme.txt,https://rentalmin.cl/wp-content/plugins/parallax-scrolling-enllax-js/readme.txt
Descriptive Transcript - University of Guelph,https://www.uoguelph.ca/fire/sites/uoguelph.ca.fire/files/public/Room_Burn_Transcript.txt
Change log - syntevo,https://www.syntevo.com/smartsynchronize/changelog-eap.txt
mdb_format.txt - Jathys,https://jathys.zophar.net/supermetroid/kejardon/mdb_format.txt
draft-ietf-ldapext-c-api-vlv-01.txt,https://www.ietf.org/proceedings/44/I-D/draft-ietf-ldapext-c-api-vlv-01.txt
X Input Extension version 2.0 - X.Org,https://www.x.org/releases/X11R7.7/doc/inputproto/XI2proto.txt
unav1ont.txt - Thinkpads,https://thinkpads.com/support/Thinkpad-Drivers/download.lenovo.com/ibmdl/pub/pc/pccbbs/mobiles/unav1ont.txt
root/public - public - Gitea,https://01.alem.school/git/root/public/src/commit/9c0f23cd2ec8722a42105dc11f6c276e3a93715b/scripts/dconfig.txt
Embed Code for Interactive - Climate Central,http://www.climatecentral.org/wgts/methane/NaturalGasClimateChangeEmbed.txt
Changelog.txt - The Fallen Games,https://thefallengames.com/unityassetstore/optimizedscrollviewadapter/Changelog.txt
Attachment 7 - Chicago Transit Authority,https://www.transitchicago.com/assets/1/6/IATF_PowerPoint_Att_7.txt
gnu_emacs_keybinding_view-mode.txt - Xah Lee,http://xahlee.info/emacs/emacs/gnu_emacs_keybinding_view-mode.txt
1yg409ww.txt,http://ps-2.kev009.com/pccbbs/mobiles/1yg409ww.txt
readme.txt - IDENTCO,https://www.identco.com/wp-content/plugins/shiftnav-responsive-mobile-menu/readme.txt
how to use the Info reader and start the tutorial,https://www.cse.psu.edu/~deh25/cmpsc311/Instructions/UsingInfo.txt
readme.txt - REPOA,http://www.repoa.or.tz/wp-content/plugins/post-slider-and-carousel/readme.txt
readme.txt - Daniel Barenboim,https://danielbarenboim.com/wp-content/plugins/jquery-collapse-o-matic/readme.txt
readme.txt - Love n Care for Animals,http://www.lovencareforanimals.co.in/live/wp-content/plugins/vertical-news-scroller/readme.txt
README.txt - StudioLabs,https://www.studiolabs.com/wp-content/plugins/ajax-load-more-for-acf/README.txt
shrscroll.asm,http://archive.retro.co.za/mirrors/apple/mirrors.apple2.org.za/apple.cabi.net/FAQs.and.INFO/LanguagesAndProgramming/shrscroll.asm.txt
readme.txt - Absolute Beds,https://absolutebeds.com/templates/absoluteITA/templatesource/js/infinitescrollV2/infinite-scroll-master/wordpress-plugin/readme.txt
1506.txt - DXLab,https://www.dxlabsuite.com/commander/ReleaseNotes/1506.txt
readme.txt,https://newage-portal.co.il/wp-content/plugins/vertical-scroll-recent-post/readme.txt
Changelog.txt - Zen Fulcrum,https://zenfulcrum.com/browser/docs/Changelog.txt
readme.txt - Diário do Peixe,https://www.diariodopeixe.com.br/wp-content/plugins/wp-news-and-widget-pro/readme.txt
produccion-uc.bc.uc.edu.ve/programas/Drivers/drive...,http://produccion-uc.bc.uc.edu.ve/programas/Drivers/drivers%2520Lenovo/MOUSE/q1mie08us13/XP32/RELNOTES.TXT
Release.txt,http://support.elmark.com.pl/rgd/drivery/U12C/touchpad/Release.txt
text.txt,http://owensoft.net/v4/flash/Interface/Windowed/text.txt
readme.txt,http://samstudies.com/wp-content/plugins/vertical-news-scroller/readme.txt
readme.txt - OjirehPrime,https://ojirehprime.com/wp-content/plugins/image-horizontal-reel-scroll-slideshow/readme.txt
00accept.txt,http://ftp.lanet.lv/ftp/mirror/x2ftp/msdos/programming/contest95/00accept.txt
readme.txt,https://www.priestnall.stockport.sch.uk/wp-content/themes/siteorigin-north/readme.txt
Helix Merge and Diff Tool (P4Merge) - Perforce Software,https://www.perforce.com/perforce/doc.current/user/p4vmergenotes.txt
yserb.qht.txt - SynTax,http://www.syntax2000.co.uk/issues/33/yserb.qht.txt
Draft Guidance for submission of shift schedules to the NVFEL (txt),https://www.epa.gov/sites/default/files/2015-10/ssguide.txt
term.txt - filibeto.org,https://www.filibeto.org/unix/tru64/lib/ossc/doc/vim-common-6.1/doc/term.txt
The Original Hip-Hop (Rap) Lyrics Archive - OHHLA.com,https://ohhla.com/anonymous/k_priest/liz/murdahad.kpr.txt
Release Notes - Steema Software,https://www.steema.com/files/public/teechart/vcl/release_txts/TeeChartVCL8Release.txt
README | Bienvenue á convert-control,https://www.convert-control.de/fr/help/lightbox2/README.txt
usr/share/nvim/runtime/doc/term.txt · malept/neovim-runtime - Gemfury,https://gemfury.com/malept/deb:neovim-runtime/0.3.0-2/content/usr/share/nvim/runtime/doc/term.txt
changelog_3.4.0.txt - ACSA,https://www.acsa.com.uy/dev/assets/_os/nicescroll/changelog_3.4.0.txt
1251705407.nh343.txt - Amazon S3,https://s3.amazonaws.com/altorg/dumplog/spies/1251705407.nh343.txt
changes3.0.txt,https://www.cs.cmu.edu/afs/cs.cmu.edu/project/garnet/garnet/changes3.0.txt
vesafb.txt - The Linux Kernel Archives,https://www.kernel.org/doc/Documentation/fb/vesafb.txt
draft-ietf-ldapext-ldapv3-vlv-09.txt,https://docs.ldap.com/specs/draft-ietf-ldapext-ldapv3-vlv-09.txt
