[DOC] Managing Users and Groups in Grouper - ServiceNow @ UNC,https://servicenow.sites.unc.edu/files/2019/07/Managing-Users-and-Groups-in-Grouper-for-ServiceNow-1.docx
[DOC] Announcements - Health Services Cost Review Commission,https://hscrc.maryland.gov/Documents/CaseMixData/FY2021Q3DataForumNotesFINAL.docx
[DOC] DRG Grouper User Manual - Veterans Affairs,https://www.va.gov/vdl/documents/Financial_Admin/Diag_Related_Grouper_(DRG)/drg_18_um.docx
[DOC] DRG Grouper (ICD) Technical Manual - Veterans Affairs,https://www.va.gov/vdl/documents/Financial_Admin/Diag_Related_Grouper_(DRG)/drg_18_tm.docx
[DOC] Justification & Approval - Other Than Full and Open Competition,https://imlive.s3.amazonaws.com/Federal%2520Government/ID216327638902906425234968243704323778611/Maintenance%2520of%2520the%2520Groupers%2520JA%2520FBO.docx
[DOC] Grouper iridoviral disease,https://www.agriculture.gov.au/sites/default/files/documents/grouper_iridoviral_disease.docx
[DOC] 2013-2014 Bill 4596: Snapper-Grouper fishery,https://www.scstatehouse.gov/sess120_2013-2014/bills/4596.docx
[DOC] Draft Q4 2015 Release Notes - Maine Health Data Organization,https://mhdo.maine.gov/_docs/DataDeliveryModelWorkplan180725.docx
[DOC] Word - FCRC Consensus Center,https://consensus.fsu.edu/academic_directory/URP_5122_Sp_2013/Alexander_Gramovot-Golliath_Grouper.docx
[DOC] Table S4. - PLOS,https://journals.plos.org/plosone/article/file%3Ftype%3Dsupplementary%26id%3D10.1371/journal.pone.0042917.s010
[DOC] Nedbank Runified Breaking Barriers 50km opens to age groupers,https://eolstoragewe.blob.core.windows.net/wm-695976-cmsimages/NedbankRunifiedBreakingBarriers50kmopenstoagegroupers.docx
[DOC] MDR Current TED I - Health.mil,https://www.health.mil/Reference-Center/Technical-Documents/2021/02/22/MDR-Current-TED-I
[DOC] Viral encephalopathy and retinopathy (VER),https://www.awe.gov.au/sites/default/files/documents/viral-encephalopathy-retinopathy.docx
[DOC] 0365 Supporting Statement 061715.docx - RegInfo.gov,https://www.reginfo.gov/public/do/DownloadDocument%3FobjectID%3D56703201
[DOC] 2021-09-13-divercommentstof.docx,https://cdn.ymaws.com/www.dema.org/resource/resmgr/documents/2021-09-13-divercommentstof.docx
[DOC] Lionfish_and_grouper_manuscri...,https://peerj.com/articles/348/Lionfish_and_grouper_manuscript_Appendix.docx
[DOC] CHIA - Center for Health Information and Analysis,https://www.chiamass.gov/assets/docs/r/hdd/FY17-Case-Mix-Hospital-Inpatient-Discharge-Documentation-Guide.docx
[DOC] 2018-Jan-26-EAG-Drug-Substance-Update.docx,https://confluence.ihtsdotools.org/download/attachments/52182802/2018-Jan-26-EAG-Drug-Substance-Update.docx%3Fversion%3D1%26modificationDate%3D1516989464000%26api%3Dv2
[DOC] Feedback from FDB re retiring of substance groupers.docx,https://confluence.ihtsdotools.org/download/attachments/96798241/Feedback%2520from%2520FDB%2520re%2520retiring%2520of%2520substance%2520groupers.docx%3Fapi%3Dv2
[DOC] Yellow Edge Grouper,https://frla.org/wp-content/uploads/2015/04/CCEMF-102H_Yellow_Edge_Grouper_With_Corn_Pudding_Recipe.docx
[DOC] discharge abstract database (hospital separations) data checklist,https://www2.gov.bc.ca/assets/gov/health/forms/5429.docx
[DOC] karakoenig.83.1 - KNB,https://knb.ecoinformatics.org/knb/d1/mn/v2/object/karakoenig.83.1
[DOC] MassHealth PSI-90 Claims Extraction Rules (13.0) - Mass.gov,https://www.mass.gov/doc/appendix-a-8-masshealth-psi-90-claims-extraction-rules-130-0/download
[DOC] Freedom Farm Baseball League,http://www.freedomfarmbaseball.com/pdf/2018_9-10_Division_Schedule.docx
[DOC] RFI #HPD-R01 Healthcare Payments Data (HPD) System ... - BidNet,https://www.bidnet.com/bneattachments%3F/573796379.docx
[DOC] 2021-Sample_GrouperPublicCo.docx,https://www.dema.org/resource/resmgr/2021-Sample_GrouperPublicCo.docx
[DOC] SNOMED on FHIR.docx,https://confluence.snomedtools.org/download/attachments/82873260/SNOMED%2520on%2520FHIR.docx%3Fapi%3Dv2
[DOC] application for good aquaculture practice for foodfish farming (gap-ff ...,https://www.sfa.gov.sg/docs/default-source/section/farms/gap-ff/gap-ff-application.docx
[DOC] Commercial_Species_(Appendix_1).docx - cloudfront.net,https://dfzljdn9uc3pi.cloudfront.net/2020/9236/1/Commercial_Species_%2528Appendix_1%2529.docx
[DOC] Rules and Regs.docx - Tampa Rough Riders,https://tamparoughriders.org/resources/Documents/Rules%2520and%2520Regs.docx
