[PPT] Equally Inclusive Volunteer Pool,https://goyff.az.gov/file/1471/download%3Ftoken%3DzkjkHpQT
[PPT] On Loving Two Equally - Yonkers Public Schools,https://www.yonkerspublicschools.org/cms/lib/NY01814060/Centricity/Domain/2413/12th%2520grade%2520CH%2520On%2520Loving%2520Two%2520Equally.pptx
[PPT] Equally likely outcomes: RIME - FUSE,https://fuse.education.vic.gov.au/Resource/Download%3FobjectId%3D1a5cef50-780d-427f-bd65-5b28e33c1530
[PPT] The Defense Priorities and Allocations System (DPAS) & Security of ...,https://www.bis.doc.gov/index.php/documents/other-areas/strategic-industries-and-economic-security/1615-dpas-training-slides/file
[PPT] Graduation Requirements - Pinellas County Schools,http://pcsb.org/cms/lib/FL01903687/Centricity/Domain/120/Senior%2520Classroom%2520Guidance.pptx
[PPT] What Is Morality? - Philosophy,https://philosophy.as.uky.edu/sites/default/files/Rachels%2520Ch.%25201%2520-%2520What%2520Is%2520Morality.pptx
[PPT] AMERICAN VALUES Equality - U.S. Embassy in Chile,https://cl.usembassy.gov/wp-content/uploads/sites/104/MODULE-2_-American-Values_Equality.pptx
[PPT] Download Presentation: Electronic Accessibility 101,https://www.uc.edu/content/dam/refresh/accessibility-62/did21/Aug%25202%2520-%25201030am%2520-%2520A102%2520-%2520Electronic%2520Accessibility%2520101.pptx
[PPT] PowerPoint Presentation,https://www.accessibilityassociation.org/resource/IAAP_Lissner_presentation
[PPT] Unit-Length and Equally-Spaced Intervals-Algorithm,https://web.njit.edu/~ss797/publications/15-Interval_join_on_MapReduce.ppsx
