File:Hubble space telescope.ogg - Wikimedia Commons,https://commons.wikimedia.org/wiki/File:Hubble_space_telescope.ogg
File:En-us-telescope.ogg - Wikimedia Commons,https://commons.wikimedia.org/wiki/File:En-us-telescope.ogg
File:en-us-telescope.ogg - Wiktionary,https://en.wiktionary.org/wiki/File:en-us-telescope.ogg
File:En-us-telescope.ogg - 维基词典，自由的多语言词典,https://zh.wiktionary.org/wiki/File:En-us-telescope.ogg
Dosiero:An animation of the Webb Telescope deployment sequence ...,https://eo.wikipedia.org/wiki/Dosiero:An_animation_of_the_Webb_Telescope_deployment_sequence._30fps_4k_h264.ogg
"Fail:Hubble space telescope.ogg - Wikipedia, ensiklopedia bebas",https://ms.wikipedia.org/wiki/Fail:Hubble_space_telescope.ogg
File:Dhaka.ogv - Wikipedia,https://en.wikidark.org/wiki/File:Dhaka.ogg
File:Discurso de Kennedy.ogg - Wikiquote,https://en.wikiquote.org/wiki/File:Discurso_de_Kennedy.ogg
Archivo:STS-128 launch.ogv - Wikinoticias,https://es.wikinews.org/wiki/Archivo:STS-128_launch.ogg
