[DOC] https://docs.fcc.gov/public/attachments/DOC-282772...,https://docs.fcc.gov/public/attachments/DOC-282772A1.doc
[DOC] Article 9 - NJ.gov,https://www.nj.gov/casinos/law/act/docs_article09/cca-article09.doc
[DOC] No - UNODC,https://www.unodc.org/documents/organized-crime/List_of_Cases_-_Table.doc
[DOC] 10-ORD-086 - Kentucky Attorney General,https://ag.ky.gov/Resources/orom/2010/10ORD086.doc
"[DOC] The Miraculous Journey of Edward Tulane, by Kate DiCamillo",https://www.newbergoregon.gov/sites/default/files/fileattachments/library/page/4620/swindleobobsamplequestions.doc
[DOC] SỐ THEO DÕI DẪN ĐỘ,https://tbinternet.ohchr.org/Treaties/CAT/Shared%2520Documents/VNM/INT_CAT_ADR_VNM_28572_E.doc
[DOC] 2003-2004 Bill 4004: Omnibus Adult Protection Act - South Carolina ...,https://www.scstatehouse.gov/sess115_2003-2004/bills/4004.doc
"[DOC] Candidate Qualities, Districts Characteristics,",http://www.pitt.edu/~smorgens/Morgenstern%2520and%2520Swindle%2520Are%2520Politics%2520Local.doc
"[DOC] The storage battery is, in my opinion, a catch-penny, a ... - W2AGZ",http://www.w2agz.com/Library/Storage/Batteries/The%2520storage%2520battery.doc
[DOC] Employer Name Supervisor - Bennett Valley Union School District,https://www.bvusd.org/cms/lib/CA01902235/Centricity/Domain/14/CONFIDENTIAL_MGMT_EMPLOYMENT_APPLICATION.doc
