I their peaceful endeavours undisturbed One aim of international,http://www.tandfonline.com/doi/pdf/10.1080/03071844109426182
"[PDF] International law documents, 1940 - US Naval War College Digital ...",https://digital-commons.usnwc.edu/cgi/viewcontent.cgi%3Farticle%3D2322%26context%3Dils
Circular 2021/002 Electronic ship certificates by BMI - Navicert,https://mobilit.belgium.be/sites/default/files/2021-002_electronic_ship_certificates_by_bmi_-_version_1.0.pdf
[PDF] CBS Navicert Instruction Manual - Complete Billing Systems,http://www.saskcbs.com/Manual/Navicert_Manual.pdf
"[PDF] kinecta federal credit union announces expansion - Manatt, Phelps ...",https://www.manatt.com/uploadedFiles/News_and_Events/Press_Releases/KinectaPressRelease.pdf
[PDF] Untitled,http://images.library.wisc.edu/FRUS/EFacs/1941v03/reference/frus.frus1941v03.i0013.pdf
[PDF] World War Prize Law Applied in a Limited Wat Situation,https://scholarship.law.umn.edu/cgi/viewcontent.cgi%3Farticle%3D3428%26context%3Dmlr
[PDF] fahrtsgesellschaften und Reedereien in Istanbul vom 5.,https://www.zaoerv.de/10_1940/10_1940_1_4_b_417_2_418_1.pdf
[PDF] Washington: Carnegie Endow- ment for Internat.Pea,http://www.ipac.bka.gv.at/katalog/snk/m001/z007/h092/j0069178.pdf
[PDF] The Ministry of Economic Warfare: Anglo-American Relations 1939 ...,https://digitalcommons.liberty.edu/cgi/viewcontent.cgi%3Farticle%3D1269%26context%3Dmasters
