"[DOC] Chavez, María Florencia; Alcoba, Laura Noemi; Vittar, María Celia",https://www.ciea.com.ar/web/CIEA2019/doc/31-C/11_Chavez---Florencia-Chavez.docx
