[XLS] Expense report NO Scale A B C D E F G H I J K L M 1 Alaska Tanker ...,https://www.aktanker.com/s/LRT-18ExpenseReportTemplateRev05.xlsx
"[XLS] e.iii enterprises, economic - UNECE Statswiki",https://statswiki.unece.org/download/attachments/150405302/Transport%2520Glossary%2520Update%25202018_Maritime_Statistics%2520Norway_v1.01-%2520III%2520-%2520Enterprises%252C%2520etc.xlsx%3Fversion%3D1%26modificationDate%3D1517396122854%26api%3Dv2
[XLS] amt-14-5791-2021-t06.xlsx,https://amt.copernicus.org/articles/14/5791/2021/amt-14-5791-2021-t06.xlsx
[XLS] amt-14-5791-2021-t07.xlsx,https://amt.copernicus.org/articles/14/5791/2021/amt-14-5791-2021-t07.xlsx
[XLS] Questionaire A B C D E F G H I J K L M N O P Q 1 2 3 4 5 6 7 ...,http://www.teamtec.no/wp-content/uploads/2017/04/TeamTec-scrubber-inquiry-questionaire.xlsx
[XLS] Sect1 FishStat-FM - FAO,https://www.fao.org/fishery/static/e-questionnaires/Employment/US%2520VIRGIN%2520ISLANDS_850_FM_2020_EN.xlsx
[XLS] application form - marine personnel - JOBONSHIP,https://www.jobonship.org/uploads/9/8/7/1/9871060/bergebulk.xlsx
[XLS] Ontwikkeling aanvoer containers,https://www.cbs.nl/-/media/_excel/2018/24/maatwerktabel-containers_en.xlsx
[XLS] Ukraine Export - Market Inside,https://www.marketinsidedata.com/sample/customs/ukraine-Export.xlsx
[XLS] Job Function Summary - UCI Human Resources,https://hr.uci.edu/partnership/careertracks/files/Job-Function-Summary.xlsx
[XLS] Reference,https://members.wto.org/crnattachments/2022/GPA/JPN/22_3093_00_e.xlsx
[XLS] Search Results,https://libcat.arlingtonva.us/Search/Results%3Flookfor%3DMoers%252C%2BWalter%26searchIndex%3DKeyword%26sort%3Drelevance%26view%3Dexcel%26searchSource%3Dlocal
[XLS] Sheet1 - Royal Vancouver Yacht Club,http://www.royalvan.com/files/201404_NauticalLibrary_v%25201%25207.xlsx
[XLS] Comments in Feedback Form - The Copper Mark,https://coppermark.org/wp-content/uploads/2020/12/Joint-Due-Diligence-Standard_Public-Consultation-Feedback-Log_Dec20.xlsx
[XLS] Introduction - European Commission,https://ec.europa.eu/futurium/en/system/files/ged/annex_3_union_source_legislation_overview.xlsx
[XLS] Application Form - ZMariner,https://www.zmariner.net/wp-content/uploads/2020/06/Application-Form.xlsx
