[DOC] ¿Cómo puedo evitar contraer gripe? - Mass.gov,https://www.mass.gov/doc/spanish-gripe-estacional-0/download
[DOC] https://www.tpchd.org/Home/ShowDocument?id=3908,https://www.tpchd.org/Home/ShowDocument%3Fid%3D3908
[DOC] Puntos de discusión sobre la influenza y el COVID-19 - Oregon.gov,https://www.oregon.gov/oha/PH/PREVENTIONWELLNESS/FLUPREVENTION/Documents/FluToolkit/FluProvTalkingPoints-Sp.docx
[DOC] título ante el contexto del covid-19 - Oregon.gov,https://www.oregon.gov/oha/PH/PREVENTIONWELLNESS/FLUPREVENTION/Documents/FluToolkit/FluPressReleaseSet-Sp.docx
[DOC] https://www.maricopa.gov/DocumentCenter/View/71171,https://www.maricopa.gov/DocumentCenter/View/71171
[DOC] eLearning - Independent Book Study - Reader Response Option ...,https://www.richlandone.org/cms/lib/SC02209149/Centricity/Domain/2228/eLearning%2520-%2520Independent%2520Book%2520Study%2520-%2520Reader%2520Response%2520Option%2520ONE%2520Handout.docx
[DOC] Los familiares necesitan ponerse las vacunas Tdap y contra la gripe,https://www.sfcdcp.org/wp-content/uploads/2018/01/Tdap-flu-Cocooning-flyer-SPA_template-id1109.docx
[DOC] school letterhead,https://clark.wa.gov/sites/default/files/dept/files/public-health/CD/School-Daycares/Influenza%2520-%2520Parent%2520Letter%2520SPA.docx
[DOC] Flu Shot Emails For Employers to Send,https://pacificsource.com/media/26361
[DOC] DDPHIMMUNIZE31717_FLU_Va...,https://dhss.delaware.gov/dhss/dph/files/factsheet-spa.doc
[DOC] Highly Sensitive Scent-Detection of COVID-19 Patients by Trained ...,https://journals.plos.org/plosone/article/file%3Ftype%3Dsupplementary%26id%3D10.1371/journal.pone.0257474.s001
[DOC] Médico de atención primaria - University of Colorado Boulder,https://www.colorado.edu/hr/sites/default/files/attached-files/spanish_flu_shot_info.docx
[DOC] Probable Foodborne Illness Outbreak,https://www.co.monterey.ca.us/home/showpublisheddocument/54478/636431494688100000
[DOC] English,https://detroitmi.gov/document/que-hacer-si-se-me-presentan-sintomas-similares-la-gripe
[DOC] Información sobre la gripe,https://pentucketlake.haverhill-ps.org/wp-content/uploads/sites/23/2015/01/the-flu-guide-for-parents-spanish_0.docx
[DOC] SOCIAL_What to do if you have the flu_SPANISH.docx - AWS,https://s3.us-west-2.amazonaws.com/wakegov.com.if-us-west-2/prod/documents/2020-10/SOCIAL_What%2520to%2520do%2520if%2520you%2520have%2520the%2520flu_SPANISH.docx
[DOC] Dear Parents: - Orange County Health Care Agency,https://ochealthinfo.com/sites/hca/files/2021-05/SCHOOLLETTER-Template-Respiratory-Illness-Spanish.docx
[DOC] SAMPLE Transitional Job Offer to Employee - TN.gov,https://www.tn.gov/content/dam/tn/workforce/documents/injuries/reward/REWARD_Tool_8_Sample_Letter_and_Form_Transitional_Work_Letter_to_Physician_Placement_Offer_Template_and_Job_Description-Analy.docx
[DOC] https://www.co.waushara.wi.us/docview.aspx?docid=28821,https://www.co.waushara.wi.us/docview.aspx%3Fdocid%3D28821
[DOC] hes-not-sure-if-its-an-emergency-web-text-spanish.docx,https://www.kernfamilyhealthcare.com/media/1666/hes-not-sure-if-its-an-emergency-web-text-spanish.docx
[DOC] Chapters 6-10.docx,http://www.casa-arts.org/cms/lib/PA01925203/Centricity/Domain/50/Chapters%25206-10.docx
[DOC] flu letter fcps sp 2020.docx - Floyd County Public Schools,https://www.floyd.k12.va.us/site/handlers/filedownload.ashx%3Fmoduleinstanceid%3D5043%26dataid%3D4387%26FileName%3Dflu%2520letter%2520fcps%2520sp%25202020.docx
[DOC] SHAC Minutes 2-7-18 Spanish.docx - PSJA ISD,https://www.psjaisd.us/site/handlers/filedownload.ashx%3Fmoduleinstanceid%3D4554%26dataid%3D30538%26FileName%3DSHAC%2520Minutes%25202-7-18%2520Spanish.docx
"[DOC] Insert name of Department, School, Center or Institute",https://www.ohio.edu/engineering/sites/ohio.edu.engineering/files/sites/engineering/Hazard-Identification-Algorithm-Generic-Template.docx
[DOC] Spanish Message 2-4-18.docx.docx,https://www.chatham.k12.nc.us/cms/lib/NC01911141/Centricity/Domain/1670/Spanish%2520Message%25202-4-18.docx.docx
[DOC] influenza letter (spanish).docx - Waterbury Public Schools,http://www.waterbury.k12.ct.us/userfiles/4/my%2520files/influenza%2520letter%2520(spanish).docx%3Fid%3D554862
[DOC] ¡Luchemos contra la gripe!,https://www.nasd.k12.pa.us/cms/lib/PA50000420/Centricity/Domain/13/December%2520NewsletterNurseEnglish%2520%2520SpanishPVF.docx
[DOC] Aquí está de nuevo: la temporada de gripe,https://www.catto.com/sites/default/files/2020_november_lwww_sp.docx
[DOC] manssearchformeaningreaderre...,http://www.humbleisd.net/cms/lib2/TX01001414/Centricity/Domain/2831/manssearchformeaningreaderresponse.docx
[DOC] Pneumococcal Vaccine,https://cms5.revize.com/revize/lincoln/Document_center/Government/Public%2520health/Services/IIV%2520Flu%2520Vaccine%2520Consent-Admin%2520Record%2520Form%2520PHN-F-110%2520%2520Aug%25202021%2520Billing%2520info%2520SPANISH.docx
[DOC] Consent Form 2020 - Spanish - Final.docx - Ganesha High School,http://ganesha.pusd.org/ourpages/auto/2020/11/2/47938544/Consent%2520Form%25202020%2520-%2520Spanish%2520-%2520Final.docx
[DOC] Draft Code of Manufacturing Practice Guidelines: Natural Health ...,https://www.health.govt.nz/system/files/documents/publications/draft-code-manufacturing-practice-guidelines-natural-health-products-nov15.docx
[DOC] SRAG.docx,https://saude.es.gov.br/Media/sesa/LACEN/SRAG.docx
[DOC] Depoizde Ita simu vasinasaun Vaxzevria (AstraZeneca) COVID-19,https://www.health.gov.au/sites/default/files/documents/2022/02/covid-19-vaccination-depoizde-ita-simu-vasinasaun-vaxzevria-astrazeneca-covid-19-after-your-astrazeneca-vaccine.docx
[DOC] 2021 Parent Consent Form Spanish.docx,https://www.ricelake.k12.wi.us/UserFiles/Servers/Server_783167/File/District/Whats%2520Happening/2021%2520Parent%2520Consent%2520Form%2520Spanish.docx
[DOC] Flu-OHT-Spanish-201020.docx - North Toronto Ontario Health Team,https://northtorontooht.ca/wp-content/uploads/2020/10/Flu-OHT-Spanish-201020.docx
[DOC] What's the value of the Women Building the Nation conference?,https://tradeswomentaskforce.org/trades-women-build-nations-conference/whats-value-wbn
[DOC] Word - Review of Disability Studies,https://www.rdsjournal.org/index.php/journal/article/view/145/469
[DOC] Tips for taking care of children with flu_spa.docx,https://www.cabarrus.k12.nc.us/site/handlers/filedownload.ashx%3Fmoduleinstanceid%3D101032%26dataid%3D290367%26FileName%3DTips%2520for%2520taking%2520care%2520of%2520children%2520with%2520flu_spa.docx
[DOC] Carolina del Norte identifica el segundo caso de ... - NC DHHS,https://www.ncdhhs.gov/acree-final-press-release-3-6-2020-covid19-nc-second-case/download
