[DOC] STATE OF HAWAII DEPARTMENT OF TRANSPORTATION ...,https://hiepro.ehawaii.gov/resources/89131/ARFF%2520Helmets.docx
[DOC] HiPro Structural PPE Specifications 15 sets.docx - HIePRO,https://hiepro.ehawaii.gov/resources/99053/HiPro%2520Structural%2520PPE%2520Specifications%252015%2520sets.docx
[DOC] Modification to a Previous Notice - VA Vendor Portal,https://www.vendorportal.ecms.va.gov/FBODocumentServer/DocumentServer.aspx%3FDocumentId%3D4538587%26FileName%3D36C25918Q9739-002.docx
[DOC] SPECIFICATIONS - PA - eMarketplace,http://www.emarketplace.state.pa.us/FileDownload.aspx%3Ffile%3D6100046651/Solicitation_0.DOCX%26OriginalFileName%3DSpec%2520Sheet%2520for%2520PPE.DOCX
[DOC] model：yiliya-mv11 - Pyramid Healthcare,https://www.pyramidhealthcare.in/wp-content/uploads/2018/02/MV11-Manual.docx
[DOC] The transport of vital fluid by nerves - Lirias,https://lirias.kuleuven.be/bitstream/123456789/634280/2/Suy%2520et%2520al.%2520Text.docx
[DOC] Courses and ECTS Credits Course Code Course Name ECTS T+P+ ...,https://sbe.ogu.edu.tr/Storage/Sbe/Uploads/TIBB%25C4%25B0-B%25C4%25B0YOLOJ%25C4%25B0-YL-ING-2019(FILEminimizer)(1).docx
"[DOC] Тестові завдання. Розділ ""Голова та шия"" англ.docx",https://resource.odmu.edu.ua/chair/download/51389/mbiHYadRxoC59YcRMh4h3g/%25D0%25A2%25D0%25B5%25D1%2581%25D1%2582%25D0%25BE%25D0%25B2%25D1%2596%2520%25D0%25B7%25D0%25B0%25D0%25B2%25D0%25B4%25D0%25B0%25D0%25BD%25D0%25BD%25D1%258F.%2520%25D0%25A0%25D0%25BE%25D0%25B7%25D0%25B4%25D1%2596%25D0%25BB%2520%2522%25D0%2593%25D0%25BE%25D0%25BB%25D0%25BE%25D0%25B2%25D0%25B0%2520%25D1%2582%25D0%25B0%2520%25D1%2588%25D0%25B8%25D1%258F%2522%2520%25D0%25B0%25D0%25BD%25D0%25B3%25D0%25BB.docx
[DOC] The Human Body - The Watchman,https://www.betemunah.org/body.docx
"[DOC] Accidents, posoning and first aid - School Porto",https://www.schoolporto.com/sites/default/files/Questions/human%2520health%2520P4.docx
"[DOC] subtopic 1 Hou, RZ, Hybridization design of materials and devices ...",https://www.researchgate.net/profile/Valery-Kugler/project/Research-topic-map-analysis-review/attachment/60087c3d2b12470001e54dd9/AS:982127407550473%401611168829852/download/articles_variety.docx%3Fcontext%3DProjectUpdatesLog
[DOC] www.7139.com - 求学网,https://downdocx.7139.com/docx/3733/1/18413.docx
[DOC] 댄스스포츠 기술용어- 사물의 형상에 관한 용어 Banderillar : 투우용 창 ...,http://cfile233.uf.daum.net/attach/176E6C454F6AA72E1D083C
