[PDF] 1968 Gibson Super 400CN - Vintage Archtop,http://www.vintagearchtop.com/images/68_super400/1968_Super_400.pdf
"'The sound is antsy, airy electronic art-rock—a blend of brittle ...",http://mmusicmag.com/reviews/No24/Atoms-for-peace-Review-No24.pdf
[PDF] Christian Secret Sister Questionnaire | Facialart.com,https://www.facialart.com/wp-content/uploads/formidable/10/christian-secret-sister-questionnaire.pdf
"[PDF] 7,500 WIN - Modern Drummer Magazine",https://www.moderndrummer.com/wp-content/uploads/2017/06/md401cs.pdf
[PDF] Princess Coyote - Wolf Haven International,https://wolfhaven.org/wp-content/uploads/2019/01/Princess-Coyote.pdf
the future of robotics - riser - University of Washington,https://vannevar.ece.uw.edu/news/2010/raven2.pdf
"[PDF] Tiona Nekkia McClodden: Hold on, let me take the safety off",https://www.miandn.com/attachment/en/57f5103384184e06458b4568/Press/61d9d289719c6d28206947d8
[PDF] Amen Dunes Announces 2019 Winter Tour And ​​Freedom ...,http://pitchperfectpr.com/wp-content/uploads/2018/11/Amen-Dunes-Tour-2F-Deluxe-Version.pdf
the future of robotics - riser,http://bionics.seas.ucla.edu/img/Popular_Science_Aug_2010_Pg_50_51.pdf
[PDF] High School Physics - California Association of Science Educators,http://cascience.org/download_file/view/221
