PowerShell/BIOSSettings.ps1 at master - GitHub,https://github.com/MicksITBlogs/PowerShell/blob/master/BIOSSettings.ps1
master - GitHub,https://github.com/greiginsydney/Convert-RibbonSbcConfigToWord.ps1/blob/master/Convert-RibbonSbcConfigToWord.ps1
