"[DOC] Coast Hills LIFE Group Guide May 8 - 15, 2016 Law, Grace, & Faith ...",https://dq5pwpg1q8ru0.cloudfront.net/2021/01/03/08/14/58/e3e07e7a-b692-4c82-b7a7-a58f8461f1dd/2016-05-08%2520Sermon%2520Questions.doc
[DOC] Repentance,http://static1.1.sqspcdn.com/static/f/592104/7062251/1274760371367/Repentance%2BBible%2BTalks.doc%3Ftoken%3DWhUhLjvqlkVlVI9Gge6lTxMdVqQ%253D
[DOC] How Do You Handle Jesus? - Skip Heitzig,http://skipheitzig.com/includes/getServiceNotesWord.asp%3FServiceID%3D1003
[DOC] Box 48 - SalafiTalk.Net,http://salafitalk.net/st//uploads/U3FirstPrinciple23.doc
[DOC] Shogo: Adauchi - Blood Wiki,http://www.blood-wiki.org/Shogo/Expanded-Canon/Adauchi.doc
[DOC] The Sermon,https://nebula.wsimg.com/fb92e435563481720e94091718e74d70%3FAccessKeyId%3D68FF4B3842656F3F3C8B%26disposition%3D0%26alloworigin%3D1
[DOC] Grace and peace to you from God our Father and the Lord Jesus ...,https://nebula.wsimg.com/b25e1ffb40e72cbce416f630fde78e8f%3FAccessKeyId%3D68FF4B3842656F3F3C8B%26disposition%3D0%26alloworigin%3D1
[DOC] saving penance (epitimia).,http://vkpatriarhat.org/en/wp-content/uploads/2021/12/en-The-mRNA-vaccination-is-not-an-act-of-love-but-an-act-of-Satanism.doc
[DOC] Ruffled Flourishes A Serio-Comic Play in Two Acts By Peter Roussel ...,https://www.pwcenter.org/sites/default/files/plays/scripts/Play--Two-act%2520final%25207-24-2017_0.doc
[DOC] hope31.doc - Amazon S3,https://s3.amazonaws.com/faith-web-assets/general/resources/document/hope31.doc%3Fmtime%3D20170518201746%26focal%3Dnone
[DOC] Title: Jesus Christ - The Chief Cornerstone Author: Franklin L ...,https://www.pastorlife.com/members/textfiles/article47.doc
[DOC] 1 - Duas.org,http://www.duas.org/alaviya/salawi.doc
[DOC] Islamic Concpets - Duas.org,http://www.duas.org/haj.doc
[DOC] Prayer and Performance - Pure,https://pure.au.dk/portal/files/45262579/P_and_P_programme.doc
[DOC] Visions of Other Parts of the Heavenly City - Insights of God,https://www.insightsofgod.com/downloads/vispartsdoc.doc
[DOC] Monthly Update - Concerned Methodists,http://www.cmpage.org/news/21-Jan-UDT.doc
[DOC] Du`a Kumayl,https://cdn.preterhuman.net/texts/religion.occult.new_age/Islam/Dua'e%2520Kumail.doc
"[DOC] The Chronicles of Narnia: The Lion, the Witch and the Wardrobe",http://www.trinityaustin.com/docs/newsletters/news200904.doc
[DOC] A PORTRAIT OF THE ARTIST AS A YOUNG MAN by James Joyce,http://www.cmadras.com/188/188c1.doc
[DOC] The Financier,https://www.anglyaz.ru/images/stories/books/dreiserthetitan.doc
"[DOC] Tossups by Emory University (Steve Bahnaman, Peter Clericuzio ...",https://collegiate.quizbowlpackets.com/281/Emory.doc
[DOC] English,http://kusala.online-dhamma.net/%25E6%2596%2587%25E5%25AD%2597%25E8%25B3%2587%25E6%2596%2599/%25E5%258D%2597%25E5%2582%25B3%25E4%25BD%259B%25E6%2595%2599%25E5%259C%2596%25E6%259B%25B8%25E9%25A4%25A8%2520Theravada%2520Buddhism%2520E-Library/070%2520%25E5%25B7%25B4%25E5%2588%25A9%25E8%25BE%25AD%25E5%2585%25B8%2520-%25E8%258B%25B1%2520Pali%2520Dictionary/English-Pali%2520L-Z.doc
[DOC] Aldous Huxley - Mural,http://mural.uv.es/vicordo/firstpaper/etexts/1928pointcounterpoint.doc
[DOC] PLAY TITLE,http://radio.mayurpant.mp/Oxford%2520Labotomy.doc
[DOC] King Leopold's Soliloquy,http://englishmhs.pbworks.com/f/Leopold's%2520Solliloquy.doc
[DOC] REPRINTED PIECES by Charles Dickens - 1minyoga.com,http://www.1minyoga.com/cmadras/136/136bj1.doc
[DOC] INTRODUCTION HAVE made no secret of my convictionGo to page :,http://www.ghostcircle.com/wp-content/uploads/2014/08/Prof-Carl-Wickland-Thirty-Years-Among-the-Dead.doc
[DOC] Contents-Source Bk 2 - Global Sikh Studies,http://www.globalsikhstudies.net/articles/ConceptBook/Concepts%2520in%2520Sikhism.doc
[DOC] ROOTS OF THE MODERN WORLD - Suhotra Swami,https://www.suhotraswami.net/wp-content/uploads/files/CONCEPTS%2520OF%2520REALITY%2520by%2520Abhaya%2520Mudra%2520dasi.doc
[DOC] Doc,https://exocorriges.com/doc/67421.doc
[DOC] God's Animals,https://godsanimals.net/wp-content/uploads/2018/04/Gods-Animals-April-2018.doc
[DOC] 1 ABIDE WITH ME - iiNet,http://members.iinet.net.au/~eurodisk/public_html/public_html/other/aa%2520sing%2520along%2520songs.doc
[DOC] Betty was tiered of life and decided to end her life she been ... - ASSTR,https://www.asstr.org/files/Authors/cannibal_land/cannibal%2520land%25202/cannibal_land%25203/Betty%2527s%2520Delemma%2520pt%25201.doc
[DOC] a a aah aardvark aardvarks aaron aaronic aba ababa abaca abaci ...,http://www.downhi.com/word/cKXAKfMcyo1K.txt
[DOC] kannagi de madurai - Les amis de l'Inde,http://amisdelinde.unblog.fr/files/2010/03/kannagi.doc
[DOC] Yahoo! Mail - WordPress.com,https://kap79.files.wordpress.com/2007/04/the-princes-diaries.doc
