0831801.txt - Veterans Affairs,http://www.va.gov/vetapp08/files4/0831801.txt
"Full text of ""UNDERSTANDING READING - FRANK SMITH""",https://archive.org/stream/UnderstandingReading-FrankSmith/frank-smith-reading_djvu.txt
Memorandum of Understanding VoiceXML Forum and W3C ...,https://www.w3.org/2001/10/MOU.txt
understanding-spigot/requirements.txt at master · deep-spin ... - GitHub,https://github.com/deep-spin/understanding-spigot/blob/master/requirements.txt
An Enquiry Concerning Human Understanding,http://www.infomotions.com/etexts/philosophy/1700-1799/hume-enquiry-65.txt
Understanding Your Financial Aid Award Video Transcript.,https://finaid.cornell.edu/sites/finaid.cornell.edu/files/Understanding%2520Your%2520Financial%2520Aid%2520Award%2520Video%2520Transcript.txt
requirements.txt · akdeniz27/contract-understanding-atticus-dataset ...,https://huggingface.co/spaces/akdeniz27/contract-understanding-atticus-dataset-demo/blame/898dd55b37c9f8f25cdc7e2187cdab823c71e5cd/requirements.txt
Commits · akdeniz27/contract-understanding-atticus-dataset-demo,https://huggingface.co/spaces/akdeniz27/contract-understanding-atticus-dataset-demo/commits/main/requirements.txt
RFC 2860,https://www.rfc-editor.org/rfc/rfc2860.txt
Understanding Emotional Intelligence,https://irp.cdn-website.com/957b46c1/files/uploaded/8316E%2520Understanding%2520Emotional%2520Intelligence%2520Evaluation%2520Resource%2520Accessible.txt
Understanding-Poverty-and-Inequality-in-Egypt.txt,https://openknowledge.worldbank.org/bitstream/handle/10986/32812/Understanding-Poverty-and-Inequality-in-Egypt.txt%3Fsequence%3D2%26isAllowed%3Dy
Understanding Conflict Resolution,https://irp.cdn-website.com/957b46c1/files/uploaded/8315E%2520Understanding%2520Conflict%2520Resolution%2520Evaluation%2520Resource%2520Accessible.txt
Memorandum of Understanding Among the Securities ... - SEC.gov,https://www.sec.gov/info/smallbus/mouex.txt
[PDF] Augmented Music-Understanding Interfaces - CiteSeerX,http://smc.afim-asso.org/smc09/programme/pdfs/vizsession-goto.pdf.txt
TXT - National Science Foundation,https://www.nsf.gov/pubs/2000/nsf0028/nsf0028.txt
1535.13-1535.31.txt - USDA Forest Service,https://www.fs.fed.us/im/directives/fsm/1100/1500/1535.13-1535.31.txt
fs200106.txt - Office of Justice Programs,https://www.ojp.gov/txtfiles1/ojjdp/fs200106.txt
Text - IEEE Xplore,https://ieeexplore.ieee.org/otherfiles/IEEEXplore_Global_IEEE-eLearning-Understanding-SMPTE-Standard-2110.txt
Young Childrenâ s Comprehension Of Pictoral Humor As Related In ...,https://minds.wisconsin.edu/bitstream/1793/75898/905/Young%2520Children%25C3%25A2%2520%2520s%2520Comprehension%2520Of%2520Pictoral%2520Humor%2520As%2520Related%2520In%2520False%2520Belief%2520Understanding%2520by%2520Shannon%2520Martin.pdf.txt
States and Counties FIPS codes,https://transition.fcc.gov/oet/info/maps/census/fips/fips.txt
Riders_Guide_English_text.txt - Access Services,https://accessla.org/uploads/files/Riders_Guide_English_text.txt
Blue How To Understanding Your Prescription Drug Costs ... - FepBlue,https://www.fepblue.org/-/media/FEPBlue-Redesign/Transcripts/Blue%2520How%2520To%2520Understanding%2520Your%2520Prescription%2520Drug%2520Costs.txt
Agricultural Sales and Service,https://dpi.wi.gov/sites/default/files/imce/ag/txt/agricul5.txt
[PDF] Traffic on complex networks: Towards understanding global ...,https://bura.brunel.ac.uk/retrieve/48/license.txt
Understanding Census Bloopers - USGenWeb Archives,http://files.usgwarchives.net/ga/unknown/history/other/nms21principl.txt
Understanding - The Original Hip-Hop (Rap) Lyrics Archive,http://ohhla.com/anonymous/nas/rm_bside/understn.nas.txt
Text File - Ministry of Foreign Affairs of Japan,https://www.mofa.go.jp/policy/other/bluebook/2020/html/textfiles/c030402.txt
Understanding the Home Math Environment and Its Role in ...,https://europepmc.org/articles/pmc5179117/bin/pone.0168227.s018.txt
