Transforming absolute value to categorical choice in primate ...,https://europepmc.org/articles/pmc8184840/bin/41467_2021_23747_moesm4_esm.mkv
Fluorescence/photoacoustic imaging-guided nanomaterials for ...,https://europepmc.org/articles/pmc8342712/bin/41598_2021_95660_moesm4_esm.mkv
infinitum.subject.unknown.2021.p.web-dl.1o8op.mkv torrent,https://en.btdig.com/infinitum.subject.unknown.2021.p.web%3Ddl.1o8op.mkv
"The Keep V 1.1.mkv : Free Download, Borrow, and Streaming",https://archive.org/details/the-keep-v-1.1.mkv
Double. Indemnity. 1944.720p. Br Rip.x 265. HEVCBay.com.mkv,https://archive.org/details/Double.Indemnity.1944.720p.BrRip.x265.HEVCBay.com.mkv
Log In - Электронная библиотека БГУ,https://elib.bsu.by/bitstream/123456789/249124/11/8.mkv%3Flocale%3Den
Infinitum.Subject.Unknown.2021.1080 p.AMZN.WEBRip.DDP5.1 ...,https://www.fastshare.cz/16439968/infinitum.subject.unknown.2021.1080p.amzn.webrip.ddp5.1.x264-nogrp.mkv
infinitum.subject.unknown.2021.720p.webrip.800mb.x264-galaxyrg ...,https://www.fastshare.cz/16438846/infinitum.subject.unknown.2021.720p.webrip.800mb.x264-galaxyrg.mkv
Dark.Waters.Mario.Correa.187.mkv - Atul Leonardo - Seesaa Wiki,https://seesaawiki.jp/nuifuji/d/Dark.Waters.Mario.Correa.187.mkv
the.subject.was.roses.1968.mkv - NitroFlare - Upload Files,https://nitroflare.com/view/7FA1F9B859828BC/the.subject.was.roses.1968.mkv
World4ufree.CYou_TenetIMAX72 dual.mkv - BK CYPH - Seesaa Wiki,https://seesaawiki.jp/murolili/d/World4ufree.CYou_TenetIMAX72%2520dual.mkv
Internet Archive Wayback Machine,https://mildred.github.io/glafreniere/mkv/Standing_Waves_04_Hertz.mkv
Unsporting: How Trans Activism and Science Denial are Destroying ...,http://www.multiup.org/fichiers/download/ee144a1553f823c65fc93db1af04393b__gtradsub__Saint_Seiya_Omega___04_HD_vostfr__10bit_.mkv
