autocase.com/robots.txt,http://autocase.com/robots.txt
Roads - Seattle Scrabble Club,http://www.seattlescrabble.org/data/ThemeLists/roads.txt
cars.txt - Seattle Scrabble Club,http://www.seattlescrabble.org/data/ThemeLists/cars.txt
prefix_ordered.txt,http://www.ccs.neu.edu/home/vkp/3500-fl13/A5/prefix_ordered.txt
words8_common.txt - Duke Computer Science,https://courses.cs.duke.edu/fall10/cps006/assign/jotto/code/words8_common.txt
dictionary 2 - NYU Computer Science,https://cs.nyu.edu/~joannakl/cs102_s17/assignments/dictionary_80000.txt
Afghanistan-HR-Review-of-Corporate-Departments-Ministry-of ...,http://documents1.worldbank.org/curated/en/386781583728188848/text/Afghanistan-HR-Review-of-Corporate-Departments-Ministry-of-Finance.txt
"dictionary-linprog1.txt - Computer Science, FSU",https://www.cs.fsu.edu/~langley/COP3353-2013-1/dictionary-linprog1.txt
words.txt - GitHub,https://github.com/slgraff/edx-mitx-6.00.1x/blob/master/ProblemSet4/words.txt
micro.ustc.edu.cn/Fortran/fortran-faq.txt,http://micro.ustc.edu.cn/Fortran/fortran-faq.txt
More 8-letter words - TJ CompSci,https://compsci.sites.tjhsst.edu/ai/wordladder_2016/words_08.txt
8.txt - 4umi.com,http://4umi.com/play/words/8.txt
wordList.txt - Integral Domain,http://www.integral-domain.org/lwilliams/tech/corona/wordList.txt
ospd-defs.txt - Computer Sciences User Pages,http://pages.cs.wisc.edu/~o-laughl/ospd-defs.txt
en.txt - Nabeel Perfumes,https://www.nabeel.com/words/en.txt
damnatory wiethe broguery goodies - FTP Directory Listing,ftp://ftp.cdc.gov/pub/health_statistics/nchs/software/mmds/2003/mmds_spell.txt
length08.txt – Keybase.pub,https://keybase.pub/zeroxfiftyone/WordList%2520Collection/length08.txt
words.txt - Computer Science,https://www.cs.swarthmore.edu/~richardw/classes/cs91/s11/demos/week03/HypnoTab/words.txt
sample-words-en.txt - McKee Law Group,http://www.themckeelawgroup.com/wp-content/themes/mckeelawgroup/script/captcha/resources/tools/dictionary-import/sample-words-en.txt
pos_dict.txt - Department of Computer Science,https://w3.cs.jmu.edu/spragunr/CS159_S15/activities/array_lists/code/pos_dict.txt
"Full text of ""Peleus Trial"" - Internet Archive",https://archive.org/stream/PeleusTrial/ICWC945WilhelmEcketal08_04_djvu.txt
words.txt - Department of Computer Science and Technology |,https://www.cl.cam.ac.uk/teaching/1819/CloudComp/lectures/words.txt
words.txt - Computer Science & Engineering,http://www.cse.uaa.alaska.edu/~afkjm/csce201/spring2022/homeworks/hw4files/words.txt
https://utility0.ncssm.edu/~morrison/2021S2/4280/M...,https://utility0.ncssm.edu/~morrison/2021S2/4280/May/10May21/scrambled.txt
speculum.txt - University of Michigan,http://www.umich.edu/~jlawler/speculum.txt
dict2.txt - Otterbein University,http://faculty.otterbein.edu/wittman1/comp2000/labs/data/dict2.txt
puzzle1000c.txt - FTP Directory Listing,ftp://ftp.cs.princeton.edu/pub/cs226/puzzle/puzzle1000c.txt
single.txt,http://web.cse.ohio-state.edu/~rountev/421/labs/single.txt
cracklib.txt - BYU,https://cs465.byu.edu/static/files/cracklib.txt
wordlist.txt - University of South Carolina,https://people.math.sc.edu/Burkardt/datasets/words/wordlist.txt
Words.txt,https://www.husd.org/cms/lib/AZ01001450/Centricity/Domain/2760/Words.txt
dict2.txt - Computer Science Department Web Resources,http://www2.cs.uidaho.edu/~bruceb/cs112/Prog/Dicts/dict2.txt
usteledirec04456_djvu.txt - Loc - Library of Congress,https://tile.loc.gov/storage-services/service/gdc/gdcustel/us/te/le/di/re/c0/44/56/usteledirec04456/usteledirec04456_djvu.txt
words9letterslastletters.txt - Best Word List,https://www.bestwordlist.com/p/s/1/words9letterslastletters.txt
words.txt - Rice University,https://www.clear.rice.edu/comp140/downloads/words.txt
words.txt - Green Tea Press,https://greenteapress.com/thinkpython/code/words.txt
word list - People Server at UNCW,http://people.uncw.edu/narayans/courses/csc221/Assignments/Ruzzle/commonWords.txt
dictionary_en.txt - Mitya.uk,https://mitya.uk/_source/projects/spellcheckr/dictionary_en.txt
mobypos.txt - Project Gutenberg,https://www.gutenberg.org/files/3203/files/mobypos.txt
words.txt - Florida Tech Department of Computer Sciences,https://cs.fit.edu/~pkc/classes/ds/data/words.txt
words.txt - NOAA Star,https://www.star.nesdis.noaa.gov/pub/smcd/scda/xinjia.zhou/python/py3scicust/DATA/words.txt
