File:en-us-obfuscated.ogg - Wiktionary,https://en.m.wiktionary.org/wiki/File:en-us-obfuscated.ogg
File:en-us-obfuscate.ogg - Simple English Wiktionary,https://simple.wiktionary.org/wiki/File:en-us-obfuscate.ogg
File:En-us-obfuscate.ogg - Wikimedia Commons,https://commons.wikimedia.org/wiki/File:En-us-obfuscate.ogg
