The moshav in Israel: Agricultural communities in a process of change,https://www.jstor.org/stable/23718590
8 The Moshav in Israel: Possibilities for its Application in Developing ...,https://link.springer.com/content/pdf/10.1007/978-1-349-05417-6_8.pdf
Cooperation in the Moshav' - ScienceDirect.com,https://www.sciencedirect.com/science/article/pii/0147596784900210/pdf%3Fmd5%3D5c225c4553449d13b3644984c7f01ad3%26pid%3D1-s2.0-0147596784900210-main.pdf
"the emergence of the moshav ovdim in palestine, 1882-1921",https://onlinelibrary.wiley.com/doi/pdf/10.1111/j.1467-9663.1973.tb00079.x
I ll THE MOSHAV OVDIM AS MODEL FOR THE MOSHAV OLIM,https://www.degruyter.com/document/doi/10.1515/9781400876488-004/pdf
[PDF] The cooperative components of the Classic Moshav,https://daneshyari.com/article/preview/1019960.pdf
[PDF] PEARLSTONE MOSHAV PROGRAM SUMMARY,https://villagehabitat.com/wp-content/uploads/2019/08/Moshav-Program-Summary-Crop.pdf
Kibbutz or Moshav? Priority changes of settlement types in Israel ...,https://www.tandfonline.com/doi/pdf/10.1080/13537120208719636
[PDF] The Rise and Decline of the Israeli Moshav Cooperative,https://openscholar.huji.ac.il/sites/default/files/agri_economics/files/jrc27.2-abs-schwartz.pdf
[PDF] A re kon - AgEcon Search,https://ageconsearch.umn.edu/record/298411/files/agrekon-349.pdf
Two Generations of Jewish Moroccan Men in a Moshav in Israel,https://muse.jhu.edu/article/670078
"D. Weintraub, M. Lissak, Y. Atzmon, Moshava, Kibbutz and Moshav",https://www.cambridge.org/core/services/aop-cambridge-core/content/view/4F5AEBDE4296EC1F662838A0BEE1E7AB/S0020743800027860a.pdf/d-weintraub-m-lissak-y-atzmon-moshava-kibbutz-and-moshav-patterns-of-jewish-rural-settlement-and-development-in-palestine-cornell-university-press-ithaca-and-london-1969-pp-xxii-360-h-viteles-a-histor.pdf
[PDF] URBAN בשומ MOSHAV - Hazon,http://hazon.org/wp-content/uploads/2013/12/Urban-Moshav-JICC-Info-Sheet-2.pdf
Small Farmers' Habits of Reading Agricultural Extension Publications,https://journals.sagepub.com/doi/pdf/10.2190/C23J-ETUF-KYNJ-T8M9
"[PDF] Heterogeneity, Specialization and Growth in Israeli Moshav ...",https://citeseerx.ist.psu.edu/viewdoc/download%3Fdoi%3D10.1.1.619.8360%26rep%3Drep1%26type%3Dpdf
The Effect of Public Financial Assistance on the Management of ...,https://meridian.allenpress.com/human-organization/article-pdf/50/2/163/1725540/humo_50_2_00583k88t1l1038t.pdf
[PDF] Moshav Schedule - JCC Greater Boston,https://www.bostonjcc.org/documents/moshav-weekly-schedule
"Middle Eastern Immigrants' ""Moshav"" in Transition",https://www.journals.uchicago.edu/doi/pdf/10.1086/451237
DE FACTO MEMBERSHIP IN A KIBBUTZ AND MOSHAV By Smadar ...,https://heinonline.org/hol-cgi-bin/get_pdf.cgi%3Fhandle%3Dhein.journals/telavusl4%26section%3D7
"[PDF] 1 Abramov, Zalman Born October 1926 in Moshav Merchavia Joined ...",http://www.palyam.org/English/IS/Abramov_Zalman.pdf
