The Education of Women for Wifehood - jstor,https://www.jstor.org/stable/3218188
Recovering Emotion in the Legend of Good Women lynn shutters,https://www.jstor.org/stable/pdf/10.5325/chaucerrev.52.1.0085.pdf
Betty Crocker Versus Betty Friedan: Meanings of Wifehood Within a ...,https://journals.sagepub.com/doi/pdf/10.1177/0192513X16680092
"Wifehood, Widowhood and Adultery - SAGE Journals",https://journals.sagepub.com/doi/pdf/10.1177/0069966795029001002
Luba folklore and women's ethno-gendered discourse of wifehood,https://brill.com/downloadpdf/journals/afoc/26/2/article-p47_5.xml
"[PDF] Wifehood (Im)politeness in Negotiating Responsibility, Position, and ...",https://journals.flvc.org/ysr/article/download/130032/132548
[PDF] Wifehood and Moerhood - Mack Avenue Community Church,https://www.mackave.com/media/teaching-handouts/Proverbs-WifeMother.pdf
“As thu wer a wedow”: Margery Kempe's Wifehood and Widowhood,https://www.tandfonline.com/doi/pdf/10.1179/175330709X449080
[PDF] WEAVING MODERN-DAY WIVES' TALES - TTU DSpace Home,https://ttu-ir.tdl.org/bitstream/handle/2346/20574/31295018499987.pdf%3Fsequence%3D1%26isAllowed%3Dy
[PDF] Biblical Bread and Priestly Wifehood in “The Wife of Bath's Prologue”,https://journals.uvic.ca/index.php/albatross/article/view/20149/8916
More than Recipes: a Complicated Portrayal of Wifehood & Marriage ...,http://www.lorineniedecker.org/documents/MorethanRecipes.pdf
Redefining Pakistani Muslim wifehood in Hamid's and Shamsie's ...,https://www.tandfonline.com/doi/pdf/10.1080/23311983.2021.2001158
OPPOSITES OF WIFEHOOD: EVE AND DALILA,https://scholarlypublishingcollective.org/psup/milton-studies/article-pdf/doi/10.2307/26395489/1528642/miltonstudies_24_1988_187.pdf
[PDF] Beyond Wifehood: Harnessing Local Gender Ideologies to Inform ...,https://www.popcouncil.org/uploads/pdfs/2020_Undie-BeyondWifehood_JGIDA.pdf
Essay Review The Education of Women for Wifehood: Coverture ...,https://www.cambridge.org/core/services/aop-cambridge-core/content/view/CA72986D58AAAD2F989BC1AE5DAEB51F/S0018268000017660a.pdf/education_of_women_for_wifehood_coverture_community_and_consumerism_in_the_separate_spheres.pdf
[PDF] In the Shadow of Motherhood: Writing the Outlier Self. - eScholarship,https://escholarship.org/content/qt38x7122z/qt38x7122z_noSplash_c0ccd972038b19cdce2546367761365b.pdf%3Ft%3Dn5ikkn
[PDF] Book Review: The Reckless Kind,https://vc.bridgew.edu/cgi/viewcontent.cgi%3Farticle%3D2854%26context%3Djiws
[PDF] specifically argued that the 'division of responsibilities' between men ...,https://www.iilsindia.com/study-material/833112_1619242877.pdf
[PDF] SEASON OF WIFEHOOD,https://oakofrighteousness.co.uk/wp-content/uploads/2021/09/Issue-4.pdf
