Chapter 6: The Agro-food Sector in Catching-up Countries,https://www.elgaronline.com/view/edcoll/9780857937889/9780857937889.00010.xml
ICT and Firm Innovation in European 'Catching Up' Countries,https://www.elgaronline.com/view/edcoll/9781848442573/9781848442573.00011.xml
"""When two elephants fight the grass gets hurt"" Muslim-Christian ...",https://brill.com/view/book/edcoll/9789004334083/B9789004334083-s018.xml%3Flanguage%3Den
"""When two elephants fight the grass gets hurt"" Muslim ... - Brill",https://brill.com/previewpdf/book/edcoll/9789004334083/B9789004334083-s018.xml
A study on entrepreneurial attitudes of upcountry vegetable farmers ...,https://sociorepec.org/publication.xml%3Fh%3Drepec:eme:jadepp:v:6:y:2016:i:1:p:39-58%26l%3Den
Front Matter in: IMF Staff Country Reports Volume 2017 Issue 153 ...,https://www.elibrary.imf.org/view/journals/002/2017/153/article-A000-en.xml
"2. Labor Market Challenges during the Pandemic, the Role of ...",https://www.elibrary.imf.org/view/books/086/464502-9781513592770-en/ch002.xml
"Baisa, Gladys 2014-01-27T00:00:00 5000 16010 Maui Council ...",https://hicscdata.hawaii.gov/api/views/hc7x-8745/rows.xml%3FaccessType%3DDOWNLOAD
sitemap.xml - Maui County,http://mauicounty.gov/sitemap.xml
newbooks.xml - California Baptist University,https://calbaptist.edu/cbu_library/newbooks.xml
Primary Burkitt's lymphoma of the frontal bone in - Journal of ...,https://thejns.org/view/journals/j-neurosurg/45/6/article-p712.xml
Synergy or separation mode: the relationship between the academic ...,https://akjournals.com/downloadpdf/journals/11192/90/1/article-p177.xml
The Prabhakaran Saga: The Rise and Fall of an Eelam Warrior,https://sk.sagepub.com/books/the-prabhakaran-saga/n27.xml
Document And Entity Information Note To Financial Statement ...,https://www.sec.gov/Archives/edgar/data/63330/000143774921010642/mlp-20210331_lab.xml
wp-sitemap-posts-post-1.xml - Central Depository Company,https://www.cdcpakistan.com/wp-sitemap-posts-post-1.xml
[PDF] Horticultural Research in Kenya,https://journals.ashs.org/hortsci/previewpdf/journals/hortsci/28/8/article-p770.xml
Proinnovative Policy and the National Innovation System a case ...,https://www.degruyter.com/view/j/caeer.2014.8.issue-1/caeer-2014-0006/caeer-2014-0006.xml
Transcending the Adaptation/Mitigation Climate Change Science ...,https://journals.ametsoc.org/downloadpdf/journals/wcas/3/4/wcas-d-11-00056_1.xml
"Franklin Repository: April 17, 1867 - The Valley of the Shadow: Two ...",https://valley.lib.virginia.edu/news/fr1867/pa.fr.fr.1867.04.17.xml
sitemap.xml - Michael Gaillard,https://www.michaelgaillard.com/sitemap.xml
