Fayl:Sailor star song.ogg - Vikipediya,https://az.wikipedia.org/wiki/Fayl:Sailor_star_song.ogg
File:Corvus monedula calls.ogg - Wikimedia Commons,https://commons.wikimedia.org/wiki/File:Corvus_monedula_calls.ogg
Fájl:Corvus monedula calls.ogg – Wikikönyvek,https://hu.wikibooks.org/wiki/F%25C3%25A1jl:Corvus_monedula_calls.ogg
