JUST.GO.WITH.IT.XBOX.VIDEO.MOVIENIGHT.(TO ... - Seesaa Wiki,https://seesaawiki.jp/tataragu/d/JUST.GO.WITH.IT.XBOX.VIDEO.MOVIENIGHT.%2528TO.MACBOOK%2529.flv
torrent.cinema.Do.the.Right.Thing.(mobile).flv - Mike ... - Seesaa Wiki,https://seesaawiki.jp/pukuten/d/torrent.cinema.Do.the.Right.Thing.%2528mobile%2529.flv
