SAGE Reference - Encyclopedia of Environment and Society,https://sk.sagepub.com/reference/environment/n1058.xml
Terrace Management - Permit Sonoma,https://permitsonoma.org/x105709.xml
Marine Terraces - ArcGIS Online,https://www.arcgis.com/sharing/rest/content/items/d801be4725714201bf3638d7551b1156/info/metadata/metadata.xml%3Fformat%3Ddefault%26output%3Dhtml
Mountain grassland ecosystems on abandoned agricultural terraces ...,https://sciendo.com/abstract/journals/hacq/17/1/article-p61.xml
The terraces of Atene in: Petasos - Brill,https://brill.com/view/book/edcoll/9783657777396/B9783657777396-s025.xml
Climatic and tectonic controls on strath terraces along the upper ...,https://journals.scholarsportal.info/details/00335894/v86i0003/326_catcosuwricc.xml
FORM D - SEC.gov,https://www.sec.gov/Archives/edgar/data/1824660/000182466020000001/xslFormDX01/primary_doc.xml
essdd Earth System Science Data Discussions essddD Earth Syst ...,https://essd.copernicus.org/preprints/essd-2021-345/essd-2021-345.xml
SiteMap - Terraces at Fieldstone,https://www.terracesatfieldstone.com/sitemap.xml
