[PDF] A TEXTBOOK OF BAKING AND PASTRY FUNDAMENTALS - Higher ...,https://www.pearsonhighered.com/assets/preface/0/1/3/5/013524014X.pdf
[PDF] Home Bakings - Forgotten Books,https://www.forgottenbooks.com/en/download/HomeBakings_10050368.pdf
[PDF] The Perfect Bakinq Combination Calumet Baking Powder Swans ...,https://lib.msu.edu/sliker/load_object/3005/pdf/
[PDF] Favorite Pecipes KC BAKING POWDER COOK'S BOOK - Kora,https://projects.kora.matrix.msu.edu/app/files/164/590/2186/msuspcsbs_kcba_jaquesmanu6.pdf
[PDF] Classic Recipes And Top Tips To Help You Get Baking - BBC,https://downloads.bbc.co.uk/food/get-baking/get-baking-booklet.pdf
Release of carbon dioxide from dough during baking - Wiley Online ...,https://onlinelibrary.wiley.com/doi/pdf/10.1002/jsfa.2740270409
The Effect of Heat Treatment of Skim Milk upon the Baking Quality of ...,https://www.sciencedirect.com/science/article/pii/S002203022793848X/pdf%3Fmd5%3De18643b3bc53c322e5e461f439dd0c0c%26pid%3D1-s2.0-S002203022793848X-main.pdf%26_valck%3D1
[PDF] correspondence - NCBI,http://www.ncbi.nlm.nih.gov/pmc/articles/PMC1961991/pdf
[PDF] Effect of Common Mill Fumigants on the Baking Qualities of Wheat ...,https://www.ksre.k-state.edu/historicpublications/pubs/SB178.pdf
[PDF] Dave's Baking Company,http://district.schoolnutritionandfitness.com/sanjuanusd/files/2018Labels/ELEMENTARYLUNCH/CORN_STAR.pdf
[PDF] Reliable recipes - Ingenium,https://ingeniumcanada.org/sites/default/files/2020-05/FOOD-E2946-3002-1910.pdf
"[PDF] 48,&. %5($'6 - DigitalCommons@USU",https://digitalcommons.usu.edu/cgi/viewcontent.cgi%3Farticle%3D2119%26context%3Dextension_curall
[PDF] Freeze-Etch of Emulsified Cake Batters During Baking,https://digitalcommons.usu.edu/cgi/viewcontent.cgi%3Farticle%3D1035%26context%3Dfoodmicrostructure%26httpsredir%3D1%26referer%3D
"[PDF] A comparative study of baking effects produced by electric, gas and ...",https://scholarworks.montana.edu/xmlui/bitstream/handle/1/8662/31762106362013.pdf%3Fsequence%3D1
Egg Albumin in Baking Powder,https://pubs.acs.org/doi/pdf/10.1021/ie50072a009
[PDF] in test bakings of six spring wheat varieties - Semantic Scholar,https://pdfs.semanticscholar.org/3735/c40735b547962dbad5017296cc95ad5ee28b.pdf
[PDF] STB001 1916 The Milling and Baking Quality and Chemical ...,https://www.ksre.k-state.edu/historicpublications/pubs/STB001.pdf
[PDF] Experimental Milling and Baking,https://library.ndsu.edu/ir/bitstream/handle/10365/23619/ndfr_19500901_v13_iss01_009.pdf%3Fsequence%3D1
[PDF] Untitled - NDSU Agriculture,https://www.ag.ndsu.edu/agnic/flax/doc_images/bakingindustry.pdf
[PDF] Boys' and Girls' Club Work : Bread Club - Open PRAIRIE,https://openprairie.sdstate.edu/cgi/viewcontent.cgi%3Farticle%3D1001%26context%3Dextension_leaflets
