Bombable/addon-metadata.xml at master · bhugh/Bombable · GitHub,https://github.com/bhugh/Bombable/blob/master/addon-metadata.xml
Bombable/addon-menubar-items.xml at master · bhugh/Bombable ...,https://github.com/bhugh/Bombable/blob/master/addon-menubar-items.xml
bombable | diccionari.cat,https://www.diccionari.cat/EC-GDLC-e00150993.xml
catalog.xml - Name,http://mirrors.ibiblio.org/flightgear/ftp/Aircraft/catalog.xml
"The Online Intersection among Islamophobia, Populism, and Hate ...",https://brill.com/downloadpdf/journals/rmdc/10/1/article-p95_95.xml
words.xml,https://literacysim.education.scholastic.com/s44ng/apps/s44/data/words.xml
Vanguard rays in: Soaking up the rays - Manchester Open Hive,https://www.manchesteropenhive.com/abstract/9781526115980/9781526115980.00009.xml%3Fprint%26print%26print
Blockbuster Outsourcing: Is There Really No ... - ManchesterHive,https://www.manchesterhive.com/downloadpdf/journals/fs/13/1/article-p73.xml
catalog.xml,https://ftp.icm.edu.pl/packages/flightgear/Aircraft-trunk/catalog.xml
sitemap-questions-0.xml - Politics Stack Exchange,https://politics.stackexchange.com/sitemap-questions-0.xml
