Zope Help System - 500 Internal Server Error,http://61.62.173.150/login.php/components/com_artlinks/netscape.ini
rapidshare - Gateway Configuration Menu,http://61.62.173.151/login/phpsysinfo/perl/Activex/perform.ini
Flash,http://203.187.87.178/comments/careers.marijuanacentral.com/job/operations-manager-blue-star/ventrilo_srv.ini
