[PPT] Slide 1 - Globe Carbon Cycle,http://globecarboncycle.unh.edu/DownloadActivities/Field/FieldMeasurements-LearningActivities/BiomassUnits/BiomeSlideshow.ppt
[PPT] The Ecology of Plants 2/e,https://academic.udayton.edu/ryanmcewan/Courses/Ecology/2)Biomes1.ppt
[PPT] Identify priority species and vegetation Assess health - BLM,https://www.ntc.blm.gov/krc/uploads/201/PPSV-2a_HealthAssessment_3-26-10.ppt
[PPT] Wild Open Spaces of the West - University of Idaho,http://www.webpages.uidaho.edu/what-is-range/files/What-is-Range.ppt
[PPT] Slide 1,https://www.westada.org/cms/lib/ID01904074/Centricity/Domain/7510/What%2520is%2520Range.ppt
[PPT] BEST PRACTICES JANUARY 2007 - Heartland Community College,https://www.heartland.edu/documents/idc/BEST_PRACTICESS07.ppt
[PPT] Cold Arctic tundra Cold desert Evergreen coniferous forest ...,https://www.hanover.k12.in.us/cms/lib/IN01001361/Centricity/Domain/523/chapter%25207.ppt
[PPT] BIOL 4120: Principles of Ecology Lecture 17,https://www.tnstate.edu/faculty/dhui/biol4120/ppt/BIOL4120_Lect5.ppt
[PPT] KINDS OF ECOSYSTEMS AND COMMUNITIES,https://www.tamaqua.k12.pa.us/cms/lib/PA01000119/Centricity/Domain/85/EE%2520II%2520Chapter%25202%2520Kinds%2520of%2520Ecosystems%2520and%2520Communities%2520w%2520Blanks.ppt
[PPT] No Slide Title,https://www.camafu.org.mx/wp-content/uploads/2017/12/2FIRING.ppt
