[PDF] sequelize.js - RIP Tutorial,https://riptutorial.com/Download/sequelize-js.pdf
[PDF] sequelize.js - RIP Tutorial,https://riptutorial.com/Download/sequelize-js-ko.pdf
[PDF] Object'Rela+onal.Mapping.(ORM),http://comet.lehman.cuny.edu/sfulakeza/su19/tpp/slides/Day%252011/node-js-sequelize.pdf
[PDF] USING SEQUELIZE IN NODE.JS - GitHub Pages,https://peppel-g.github.io/course-material/lectures/using-sequelize-in-node-js/using-sequelize-in-node-js.pdf
[PDF] Sequelize​​Quick​​Start​​Guide - UserManual.wiki,https://usermanual.wiki/Pdf/SequelizeQuickStartGuide.1247135819.pdf
[PDF] Sequelize.pdf - CNRS,https://perso.liris.cnrs.fr/lmedini/enseignement/M1IF13/Exposes/2016/Sequelize.pdf
[PDF] Elastic Beanstalk with RDS and SEQUELIZE migrations - Checkli,https://www.checkli.com/api/v1/checklists/download_pdf/62966a7f456a5
[PDF] Sequelize - Amazon S3,https://s3-sa-east-1.amazonaws.com/thedevconf/presentations/TDC2018POA/nodejs/BBL-8261_2018-12-17T012634_Sequelize%5BTDCpoa2018%5D%2520(1).pdf
[PDF] Development & deployment of a web server as an executable with ...,https://www.theseus.fi/bitstream/handle/10024/744037/Nam_Nguyen.pdf%3Fsequence%3D2
[PDF] How to Build the jobCent Application Using Our Developer Tools,https://ncent.io/Developers/Documentation/jobCent%2520in%252012%2520Steps.pdf
[PDF] MH Resume,https://assets.ctfassets.net/qyqrc6zt88co/7zF1JK2ZMPcpkQCKURPaYt/f178d8bbe5f12addf9280f2fb9a73975/MaxHanResume.pdf
[PDF] PROCESSING DATA LAKE WITH NODE.JS IN SERVERLESS ...,https://assets.ctfassets.net/nn534z2fqr9f/v0DvUwICec13eSHre64Kg/91c6f3bc63f1ab9e6ff0344ecf81716e/Nikolay_Matviyenko_Obrabotka_ozera_dannykh_na_Node.js_v_serverless-arkhitekture.pdf
[PDF] COMPARING THE USE OF A PURELY FUNCTIONAL ... - Trepo,https://trepo.tuni.fi/bitstream/handle/10024/121287/SalmiEnni.pdf
[PDF] Programmation Web côté serveur - cours-info,https://cours-info.iut-bm.univ-fcomte.fr/upload/supports/S3/web/cot%2520serveur/6-NodeJS%2520DB%2520ORM.pdf
[PDF] Sequelize Mock v5 Documentation,https://sequelize-mock-v5.readthedocs.io/_/downloads/en/stable/pdf/
[PDF] Node.js Succinctly,http://www.dgma.donetsk.ua/docs/kafedry/avp/metod/DelBono%2520-%2520Node.js%2520Succinctly.pdf
[PDF] Typescript getter with parameter,http://atletika-pardubice.cz/files/file/39495675711.pdf
[PDF] EMS Knowledge Base,https://ems-docs.element.io/books/ems-knowledge-base/export/pdf
[PDF] Node.js Notes for Professionals | IERTEC,https://iertec.com/wp-content/uploads/2020/04/NodeJSNotesForProfessionals.pdf
[PDF] Internetprogrammering DD1389,https://canvas.kth.se/courses/17072/files/2635421/download%3Fverifier%3DuN8IANmIu3UMQx6ws0AVnd1a9PqAl7UqS3u7DA6y%26wrap%3D1
[PDF] HOW TO BUILD A SERVERLESS BACKEND WITH TYPESCRIPT ...,https://www.proud2becloud.com/wp-content/uploads/2021/01/How_to_build_a_Serverless_backend_with_TypeScript_Node.js_and_AWS_Lambda-Proud2beCloud.pdf
"[PDF] Manami Ueda, MBA",https://manami-ueda.com/static/media/Manami_Ueda_Resume_website.61ea5a3c.pdf
[PDF] Zijian Yan - Webflow,https://uploads-ssl.webflow.com/5bc0cca66822e8d6287ece8a/5cceec5408feb993a3fcdf40_zijian-yan-resume-v31.pdf
[PDF] Overview - Park Avenue Gaming,https://parkavenuegaming.com/job_specs/Job_Description_Park_NodeJS_BackendDeveloper.pdf
[PDF] Resume (Feb 2022) - Denise Li - Software Engineer,https://denisepli.com/resume.pdf
[PDF] Software Testing Plan,https://www.ceias.nau.edu/capstone/projects/CS/2017/Flagfriends/pdfs/SoftwareTestingPlan.pdf
[PDF] SAMUEL BOSSLEY - The Ohio State University,https://u.osu.edu/bossley9hseportfolio/files/2019/04/Sam_Bossley-1acjv9d.pdf
[PDF] 从0 开始使用Sequelize 进行基础的数据库操作,https://b3logfile.com/pdf/article/1628423512557.pdf
