NPI Database | NPI:1700169166 | SHELTA GRAHAM PHTECH ...,https://www.hipaaspace.com/medical_billing/coding/national_provider_identifier/codes/npi_1700169166.xml
sitemap.xml - Shelta Australia,https://shelta.com.au/directory/sitemap.xml
The Etymology of Kallawaya in: Journal of Language Contact ... - Brill,https://brill.com/view/journals/jlc/10/2/article-p219_2.xml%3Flanguage%3Den
Irish Travellers as Inferior Whites Michal Wolniak - Brill,https://brill.com/downloadpdf/book/9781848883833/BP000011.xml
Songs - AskAboutIreland.ie,https://www.askaboutireland.ie/learning-zone/primary-students/5th-%2B-6th-class/music/songs/index.xml
Report on the Crayfishes of Alabama: Literature ... - IDEALS @ Illinois,https://www.ideals.illinois.edu/bitstream/handle/2142/10234/inhsbiodv02004i00012_tei.xml%3Fsequence%3D1%26isAllowed%3Dy
Mixed Languages - Linguistics - Oxford Bibliographies,https://www.oxfordbibliographies.com/view/document/obo-9780199772810/obo-9780199772810-0030.xml
oai:rosettaproject.org:rosettaproject_sth_detail-2.xml,http://www.language-archives.org/static-records/oai:rosettaproject.org:rosettaproject_sth_detail-2.xml
sitemap_products_1.xml - Stio,https://www.stio.com/sitemap_products_1.xml%3Ffrom%3D1435972665409%26to%3D1578998038593
