[XLS] Update Hyperlink Automatically.xlsx - ExcelDemy,https://www.exceldemy.com/wp-content/uploads/2022/04/Update-Hyperlink-Automatically-1.xlsx
[XLS] https://investinmx.com/public/uploads/2019/08/14/c...,https://investinmx.com/public/uploads/2019/08/14/capote-business-park.xlsx
[XLS] Sheet1 - City of Miami Springs,https://www.miamisprings-fl.gov/sites/default/files/fileattachments/professional_services/page/41491/amendment_2_attachment_a_-_updated_census_for_insurance_rfp_07242020.xlsx
[XLS] Search Results - Washoe County Library System,https://catalog.washoecountylibrary.us/Search/Results%3Flookfor%3D%2522Capote%252C%2BTruman%252C%2B1924-1984.%2522%26searchIndex%3DSubject%26filter%5B%5D%3Dformat_category_main%253A%2522Movies%2522%26sort%3Ddays_since_added%2Basc%26view%3Dexcel%26searchSource%3Dlocal
[XLS] Search Results - ReadOkaloosa.org,https://readokaloosa.org/Search/Results%3Flookfor%3D%2522Capote%252C%2BTruman%252C%2B1924-1984.%2522%26searchIndex%3DSubject%26filter%5B%5D%3Davailable_at_ocplc%253A%2522Mary%2BEsther%2BLibrary%2522%26sort%3Dyear%2Basc%252Ctitle%2Basc%26view%3Dexcel%26searchSource%3Dlocal
[XLS] S1_14C_all_dates - PLOS,https://journals.plos.org/plosone/article/file%3Ftype%3Dsupplementary%26id%3D10.1371/journal.pone.0232455.s002
[XLS] Sheet1 - Central Washington University,https://www.cwu.edu/ascwu/sites/cts.cwu.edu.ascwu/files/Club%2520Contact%2520List%2520Updated%25204-20-16.xlsx
[XLS] Sheet1 - Texas Parks and Wildlife,https://tpwd.texas.gov/huntwild/wild/wildlife_diversity/nongame/tcap/media/2020_SGCN_allspecies_Final.xlsx
[XLS] Search Results - Ilsley Public Library,https://catalog.ilsleypubliclibrary.org/Search/Results%3Flookfor%3DSmith%252C%2BBob%26searchIndex%3DKeyword%26filter%5B%5D%3Dtranslation%253A%2522Portuguese%2522%26sort%3Drelevance%26view%3Dexcel%26searchSource%3Dlocal
[XLS] Reservation Facilities - Query,https://www.epa.gov/sites/production/files/2015-01/region_8_tribal_facilities-26jan2015.xlsx
