015 - Tim and Cole and their Power Rangers [MVI].avi: Tim and Cole ...,http://www.limey.net/~fiji/pictures/display.cgi/143/015%2520-%2520Tim%2520and%2520Cole%2520and%2520their%2520Power%2520Rangers%2520%255BMVI%255D.avi%3Fpage%3D143%26options%3DD%26options%3DT%26options%3DU
