Preventing and Managing Urinary Tract Infections - Europe PMC,https://europepmc.org/articles/pmc7559416/bin/antibiotics-09-00583-s001.7z
"(""TrackerCam",http://175.96.13.155/login1/8003/forum.7z
Index.of,http://175.96.49.142/login_db/coppercop/12.7z
remote,http://175.96.14.153/login/999999.9%2520/sql.7z
Microsoft Software upd?t? Services,http://175.96.14.135/login_out/inc/tools.7z
login - ASP Stats Generator,http://175.96.15.155/login/typo3/web.7z
b2evo - Novell,http://203.187.87.128/login/Activex/upload.7z
