Attēls:Aminata Love Injected.ogg — Vikipēdija,https://lv.wikipedia.org/wiki/Att%25C4%2593ls:Aminata_Love_Injected.ogg
File:Dynamic-Expression-of-Cadherins-Regulates-Vocal ...,https://commons.wikimedia.org/wiki/File:Dynamic-Expression-of-Cadherins-Regulates-Vocal-Development-in-a-Songbird-pone.0025272.s002.ogg
Enclave Radio | Fallout Wiki - Fandom,http://fallout.wikia.com/wiki/File:Fo3_bitofpleasure.ogg
Satal Keto | Wookieepedia - Fandom,http://starwars.wikia.com/wiki/File:OmminSatal.ogg
