"[PPT] Aspergillus, Penicillium, Saccharomyces, Claviceps",https://fac.ksu.edu.sa/sites/default/files/lecture_13_2932016.pptx
[PPT] Download the PowerPoint - American Society for Microbiology,https://asm.org/ASM/media/Image-Gallery-Files/sabouraud-agar-for-fungal-growth.pptx%3Fext%3D.pptx
[PPT] Fungus Slides,http://biology-irsc.weebly.com/uploads/2/3/3/5/23350128/bio_ii_slides_fungi_-_lara.pptx
[PPT] When Soil Won the Nobel Prize in Medicine,https://www.soils.org/files/sssa/iys/when-soil-won-the-nobel-prize-in-medicine-kb.pptx
[PPT] Scientific method and experimentation quiz,https://www.ldsd.org/cms/lib/PA09000083/Centricity/Domain/644/Scientific%2520method%2520and%2520experimentation%2520quiz%2520review.pptx
[PPT] cDNA Cloning and Immunological Characterization of a Newly ...,https://www.karger.com/Article/Powerpoint/53862
[PPT] Isolation and Characterization of a cDNA Clone Encoding One IgE ...,https://www.karger.com/Article/Powerpoint/87353
[PPT] Dimorphic Fungi - MATCOnline,https://matconline.matc.net/ICS/Portlets/ICS/Handoutportlet/viewhandler.ashx%3Fhandout_id%3D798a72f6-fb13-441a-aa38-5da486d23730
[PPT] Symbiotic Relationships,https://vetmed.tamu.edu/peer/symbiotic-relationships-nxpowerlite/
[PPT] Thank You,https://journals.lww.com/infectdis/Fulltext/2019/05000/Penicillium_brasilianum_Fungal_Infection_of_Thumb.19.aspx%3FPpt%3DArticle%257Cinfectdis:2019:05000:00019%257C10.1097/ipc.0000000000000720%257C
