Get-Angle.ps1 0.2.1.0 - PowerShell Gallery,https://www.powershellgallery.com/packages/Formulaic/0.2.1.0/Content/Get-Angle.ps1
Graphical/Playgroud.ps1 at master · PrateekKumarSingh ... - GitHub,https://github.com/PrateekKumarSingh/Graphical/blob/master/Playgroud.ps1
Dashimo/Run-ChartsBar.ps1 at master - GitHub,https://github.com/EvotecIT/Dashimo/blob/master/Example/Run-ChartsBar.ps1
OxyPlot.Annotations.LineAnnotation.ps1 1.0.2 - PowerShell Gallery,https://40.87.85.101/packages/oxyplotcli/1.0.2/Content/OxyPlot.Annotations.LineAnnotation.ps1
