[DOC] What Does It Mean that Job Was Blameless - Glen and Paula Davis,http://glenandpaula.com/writings/What%2520Is%2520Blamelessness.doc
[DOC] an_9-5.doc,http://www.karunabv.org/uploads/1/2/6/3/12630738/an_9-5.doc
[DOC] MUNFORD BAPTIST CHURCH,https://www.munfordbaptistchurch.org/hp_wordpress/wp-content/uploads/2019/03/Sun021719Notes.doc
[DOC] Download - PhilArchive,https://philarchive.org/archive/BENBGT-2
[DOC] Keith Lewis - Colonial Hills Baptist Church,https://www.colonialindy.org/uploads/1/0/9/1/10910125/_philippians_lesson_3.doc
[DOC] Chance Voigt - St. Olaf College,https://wp.stolaf.edu/gender-sexuality-studies/files/2012/09/VoigtPaper.doc
[DOC] Reflection- Noah and the Flood FINAL 2.doc,https://www.ltrr.arizona.edu/~katie/kt/misc/CCCC/CCOCC-2/Reflection-%2520Noah%2520and%2520the%2520Flood%2520FINAL%25202.doc
[DOC] “May he strengthen your hearts so that you will be blameless and ...,https://www.sunsetchurchsf.org/s/Lesson-4-Questions.doc
[DOC] 4th Grade Study Guide - Lesson 24,https://pa01001119.schoolwires.net/cms/lib/PA01001119/Centricity/Domain/571/L24%2520CA%2520overview.doc
"[DOC] We don't really want God to judge us, we are too frightened by the ...",https://torah.etzion.org.il/en/download/file/fid/3594
[DOC] Session-01-ETB-ESV-Leader-Comments-Fall-21.doc,https://www.nrhbc.org/s/Session-01-ETB-ESV-Leader-Comments-Fall-21.doc
[DOC] A Prayer for the Sanctity of Life - Orthodox.net,https://www.orthodox.net/trebnic/prayer-for-the-sanctity-of-life.doc
[DOC] Dementia and Alzheimer's Disease - California Courts,http://www.courts.ca.gov/opinions/archive/S209125.DOC
[DOC] F. Anti-SLAPP Motion - California Courts,http://www.courts.ca.gov/opinions/archive/H039507.DOC
[DOC] 1,http://www.letu.edu/people/stevearmstrong/SundaySchool/File2/PrayingWithJoy-1-22-2017.doc
[DOC] Lukas Doc - St. Joseph's Church in Greenwich Village,https://stjosephgv.nyc/documents/12-02-12.doc
[DOC] Christiane Wilke - The Studio for Law and Culture,https://cslc.law.columbia.edu/sites/default/files/content/docs/Wilke-Long.doc
[DOC] Committee on Development and Intellectual Property (CDIP) - WIPO,https://www.wipo.int/edocs/mdocs/mdocs/en/cdip_9/cdip_9_inf_6.doc
[DOC] IDA CRPD Forum contribution to the OCHCR study - Ohchr,http://www2.ohchr.org/english/issues/disability/docs/consultation/Civilsocietyinputs/IDACRPDForum15092008.doc
[DOC] 1 The Basing Demand on Doxastic Justification - PhilPapers,https://philpapers.org/archive/SILDDJ.doc
[DOC] Epistemic Divergence and the Publicity of Scientific Methods,http://philsci-archive.pitt.edu/650/1/method_publicity_new_new_3.doc
[DOC] The Perverse Simplicity of Childhood William Faulkner's “That ...,https://moodle.swarthmore.edu/pluginfile.php/157157/mod_resource/content/1/FaulknerEssay.doc
[DOC] NATIONAL COMMUNITY CHURCH,https://national.cc/assets/uploads/transcripts/June_28_2015_-_Identity_Revealed.doc
[DOC] 8th MEETING OF THE TECHNICAL COMMITTEE - AEWA,https://www.unep-aewa.org/sites/default/files/document/tc8_21_report_hunting-trade_legislation_annex2_species_0.doc
[DOC] IN THE SUPREME COURT OF IOWA - US Case Law,https://cases.justia.com/iowa/supreme-court/99-865-(2001-04-25).doc%3Fts%3D1396154018
[DOC] THESIS/DISSERTATION ABSTRACT,http://ls.ateneo.edu/global/UserFiles/File/Short%2520Abstract%2520Form%2520for%2520thesis-dissertation.doc
[DOC] Draft,http://faolex.fao.org/docs/texts/cze28400.doc
[DOC] Supreme Court of Canada,https://scc-csc.lexum.com/scc-csc/scc-csc/en/5277/2/document.do
