"[XLS] SPI, Rate Change & ULR A B C D E F G H I 1 Reinsured: 2 Program ...",https://aimu.org/committeefiles/Reins_Liability_Questionnaire_Part_II_10-15-13.xls
[XLS] H3K27me3 decrease A B C D E F 1 Gene loci showing the ...,https://journals.plos.org/plosgenetics/article/file%3Ftype%3Dsupplementary%26id%3Dinfo:doi/10.1371/journal.pgen.1002911.s008
[XLS] GF Film Festivals MASTER A B C D E F G H I J 1 2 3 LAST ...,https://chrisjonesblog.com/files/gonefishingfestivals-1.xls
[XLS] DVDs - SMU,http://p2.smu.edu/jamilazz/A-LIST.xls
[XLS] agi2symbols_072808,ftp://ftp.arabidopsis.org/User_Requests/agi2symbols_072808.xls
[XLS] Microsoft Excel-compatible file - California Department of Industrial ...,https://www.dir.ca.gov/ftproot/garmrgCMS.xls
[XLS] Sheet 1 - Gov.bc.ca,https://www2.gov.bc.ca/assets/gov/sports-recreation-arts-and-culture/gambling/gambling-in-bc/reports/fin-rpt-full-2014-2015.xls
[XLS] Sheet 1 - Gov.bc.ca,https://www2.gov.bc.ca/assets/gov/sports-recreation-arts-and-culture/gambling/gambling-in-bc/reports/fin-rpt-full-2012-2013.xls
[XLS] EMO DATABASE,http://www.indieco.fi/wp-content/uploads/2009/11/export_usa_kontaktit2.xls
[XLS] Sheet1 - WordPress.com,https://shaynestacy.files.wordpress.com/2018/02/videos-as-of-013118.xls
