[PDF] Conductivity,https://www.enr.gov.nt.ca/sites/enr/files/conductivity.pdf
[PDF] Conductivity - Cary Institute of Ecosystem Studies,https://www.caryinstitute.org/sites/default/files/public/downloads/curriculum-project/conductivity_reading.pdf
[PDF] ELECTRICAL CONDUCTIVITY,https://www.cerritos.edu/chemistry/_includes/docs/Chem_111/Lab/Exp11_ELECTRICAL.CONDUCTIVITY.Sum17.pdf
[PDF] What is Conductivity? Advantages and Disadvantages of ...,https://topac.com/documents/Conductivity%2520Guide.pdf
[PDF] CONDUCTIVITY The Activity - Huron River Watershed Council,https://www.hrwc.org/wp-content/uploads/2013/09/Conductivity.pdf
[PDF] THEORY AND APPLICATION OF CONDUCTIVITY - Emerson,https://www.emerson.com/documents/automation/application-data-sheet-theory-application-of-conductivity-rosemount-en-68442.pdf
[PDF] ELECTRICAL AND THERMAL CONDUCTIVITY - TECHNICALTIDBITS,https://materion.com/-/media/files/alloy/newsletters/technical-tidbits/issueno-104-electrical--thermal-conductivity.pdf
[PDF] Electrical Conductivity - Vanderbilt University,https://my.vanderbilt.edu/vinsenews/files/2018/07/Electrical-Conductivity-Lesson.pdf
[PDF] Electrical Conductivity/Salinity Fact Sheet,https://www.waterboards.ca.gov/water_issues/programs/swamp/docs/cwt/guidance/3130en.pdf
[PDF] Water quality indicator: Electrical conductivity,https://www.qmul.ac.uk/chesswatch/media/chesswatch/Electrical-conductivity-leaflet.pdf
[PDF] pH and Conductivity of Solutions - Fairmont State College,http://www2.fairmontstate.edu/fs_chemistry/Chem_1106_11/pH%2520and%2520Conductivity%2520of%2520Solutions.pdf
"[PDF] Method 120.1: Conductance (Specific Conductance, μmhos at 25°C ...",https://www.epa.gov/sites/production/files/2015-08/documents/method_120-1_1982.pdf
[PDF] Build a Conductivity Tester,https://www.mdsci.org/wp-content/uploads/2018/05/Conductivity-Tester.pdf
"[PDF] 8, Thermal Conductivity - EPIC",https://epic.awi.de/id/eprint/31247/8/TN26_Chap_8.pdf
[PDF] DC conductivity measurements of metals,https://nvlpubs.nist.gov/nistpubs/Legacy/TN/nbstechnicalnote1531.pdf
[PDF] Through-thickness Membrane Conductivity Measurement for HTM ...,https://www.energy.gov/sites/default/files/2014/03/f10/htmwg_cooper.pdf
[PDF] In-Plane Conductivity Testing Procedures and Results,https://energy.gov/sites/prod/files/2014/03/f12/htmwg_bekktech.pdf
[PDF] What Is Soil Electrical Conductivity? - LSU AgCenter,https://www.lsuagcenter.com/Nr/Rdonlyres/E57e82a0-3b99-4dee-99b5-Cf2ad7c43aef/77101/Pub3185whatissoilelectricalconductivityhighres.Pdf
[PDF] What are the top mistakes when measuring conductivity in liquids ...,https://assets.fishersci.com/TFS-Assets/LSG/Specification-Sheets/SN-10MISTAKES-E%2520RevA-WEB.pdf
[PDF] Conductivity - Hach,https://www.hach.com/asset-get.download-en.jsa%3Fid%3D7639984013
[PDF] Conductivity Handbook | Xylem,https://www.xylem.com/siteassets/brand/wtw/resources/conductivity/wtw-conductivity-handbook-2019.pdf
[PDF] YSI Pro30 Handheld Conductivity Meter Manual 606082A,https://www.ysi.com/File%2520Library/Documents/Manuals/606082A-YSI-Pro30-Manual-English.pdf
[PDF] 644 CONDUCTIVITY OF SOLUTIONS - USP,https://www.usp.org/sites/default/files/usp/document/harmonization/gen-chapter/harmonization-september-2018-m933.pdf
[PDF] Specific Conductance as an output unit for conductivity readings,https://in-situ.com/uk/pub/media/support/documents/Specific-Conductance-as-an-Output-Unit-for-Conductivity-Readings-Tech-Note.pdf
[PDF] 4.6 Electrical Conductivity and Soluble Salts,https://www.nrcs.usda.gov/Internet/FSE_DOCUMENTS/nrcs142p2_052596.pdf
[PDF] Apparent soil electrical conductivity measurements in agriculture,https://www.ars.usda.gov/arsuserfiles/20360500/pdf_pubs/P1917.pdf
[PDF] Contacting Conductivity sensor selection guide - Yokogawa,https://web-material3.yokogawa.com/TI%252012D07G03-00EN-P.pdf
[PDF] Details of Electrical Conductivity Measurements in Greenhouse ...,https://www.extension.purdue.edu/extmedia/HO/HO-286-w.pdf
Correlation of electrical conductivity in charge-transfer complexes ...,https://pubs.acs.org/doi/pdf/10.1021/ja00429a031
