[DOC] Developing a Holocene tephrostratigraphy for northern Japan using ...,https://pure.royalholloway.ac.uk/portal/files/34299515/Manuscript_revision_v1.2.docx
[DOC] The role of vegetation cover and slope angle in tephra layer ...,https://www.research.ed.ac.uk/files/48712612/PPP_corrected_proof_author_copy.docx
[DOC] Case study tephra deposits: morphologies and chemical durability,https://eprints.soton.ac.uk/433306/1/Main_Text_Revised_with_pics_.docx
[DOC] volcano types - Har-Bur Middle School,https://harbur.region10ct.org/common/pages/UserFile.aspx%3FfileId%3D9879233
[DOC] ALASKA VOLCANO OBSERVATORY,https://avo.alaska.edu/images/tephra/ash_collection_instructions.doc
[DOC] Volcanic Hazards - Mukilteo School District,https://www.mukilteoschools.org/site/handlers/filedownload.ashx%3Fmoduleinstanceid%3D529%26dataid%3D2332%26FileName%3DVolcanic-Hazards.docx
[DOC] volcanic-processes_lp.docx - National Park Service,https://www.nps.gov/mora/learn/education/upload/volcanic-processes_lp.docx
[DOC] a19b445fa33315e43fc502d6.docx - Research Square,https://assets.researchsquare.com/files/rs-712741/v1/a19b445fa33315e43fc502d6.docx
[DOC] Eastern_Cascades_Volcanic_Te... - ECOSHARE,https://ecoshare.info/uploads/LTA/files/Descriptions/Eastern_Cascades/Volcanoes/Volcanic_Terrain/Eastern_Cascades_Volcanic_Terrain.docx
[DOC] Connor_cider_2019_tutorial.docx,https://seismo.berkeley.edu/wiki_cider/images/4/4c/Connor_cider_2019_tutorial.docx
[DOC] volcanoes worksheet,https://newpal.instructure.com/courses/1556/files/167584/download%3Fwrap%3D1
"[DOC] Volcanoes, Volcanism, and Volcanic Hazards Eruption Products ...",https://uwyo.instructure.com/courses/517670/files/48385121/download%3Fdownload_frd%3D1
[DOC] Supporting Online Material for - PLOS,https://journals.plos.org/plosone/article/file%3Ftype%3Dsupplementary%26id%3D10.1371/journal.pone.0266680.s001
[DOC] docx - Daniel Rasmussen,http://danieljrasmussen.com/_include/resources_pdf/IgneousPetrology/MI_Modeling.docx
[DOC] Volcano Test,http://schoolwires.henry.k12.ga.us/cms/lib08/GA01000549/Centricity/Domain/5330/volcano%2520test.docx
[DOC] S0033589400003550sup001.docx - Cambridge University Press,https://static.cambridge.org/content/id/urn:cambridge.org:id:article:S0033589400003550/resource/name/S0033589400003550sup001.docx
[DOC] Meredith Helmick CV - Climate Change Institute,https://climatechange.umaine.edu/wp-content/uploads/sites/439/2020/07/MEH_CV1.docx
[DOC] Geology of the Turkana Basin - Department of Earth and Planetary ...,https://eps.rutgers.edu/images/stories/faculty/feibel_craig_s/csfpdfs/GEO_303_Syllabus_S14.docx
[DOC] Supplemental Material for Tree-Ring Amplification of the Early ...,https://journals.ametsoc.org/supplemental/journals/clim/28/13/jcli-d-14-00673.1.xml/10.1175_jcli-d-14-00673.s1.docx
"[DOC] PPProcess ms, pre-refereeing.docx - Open Research Exeter (ORE)",https://ore.exeter.ac.uk/repository/bitstream/handle/10871/27238/PPProcess%2520ms%252C%2520pre-refereeing.docx%3Fsequence%3D1%26isAllowed%3Dn
[DOC] a case study from Campi Flegrei - Trinity College Dublin,https://www.tcd.ie/Geology/assets/doc/PhDadvert.docx
[DOC] http://dx.doi.org/10.1016/j.yqres.2016.06.004 - Pure - Aberystwyth ...,https://pure.aber.ac.uk/portal/files/9292887/King_et_al_QR_for_PURE.docx
[DOC] j - Mendeley Data,https://data.mendeley.com/public-files/datasets/hh6vrwgszd/files/cf66af72-b423-4471-a275-550042ff4700/file_downloaded
[DOC] 0Pompeii the last day.docx,http://www.boyertownasd.org/cms/lib07/PA01916192/Centricity/Domain/534/0Pompeii%2520the%2520last%2520day.docx
[DOC] Deino et al 2016 GSA Denver.docx,https://hspdp.asu.edu/sites/default/files/abstracts_8_4_2016/Deino%2520et%2520al%25202016%2520GSA%2520Denver.docx
[DOC] Standadization checklists.docx - Tephra and data,https://www.tephrochronology.org/intav/Tephra2019/docs/AppendixI_collection.docx
[DOC] adidas + KANYE WEST announce the YEEZY BOOST 700 V2 Tephra,https://preview.thenewsmarket.com/Previews/ADID/DocumentAssets/538832.docx
[DOC] alloway-synopsis-july-2017.docx - WordPress.com,https://enegeol2017.files.wordpress.com/2017/08/alloway-synopsis-july-2017.docx
[DOC] Multi-proxy dating of Iceland's major pre-settlement Katla eruption to ...,https://www.repository.cam.ac.uk/bitstream/handle/1810/266913/Buentgen2017geology_ms.docx%3Fsequence%3D3%26isAllowed%3Dy
[DOC] 2109271541293118.docx,https://portal-data-cn.obs.cn-north-4.myhuaweicloud.com/marketplace/public/app/attachment/20210927/5a71f92c-bee6-4759-b8f5-6f52aab909c8/2109271541293118.docx
[DOC] faults and floods of missoula valley,https://hs.umt.edu/geosciences/documents/self-guided-geologic-field-trip-msla-.docx
[DOC] GEOS406_Syllabus_2013-1.docx,https://uaf.edu/geosciences/files/GEOS406_Syllabus_2013-1.docx
[DOC] Petrology and geochemistry of the 2014-2015 Holuhraun eruption ...,https://www.research.manchester.ac.uk/portal/files/74103086/Holuhraun_Part1_revised_Clean.docx
[DOC] Abstract - NABO,https://www.nabohome.org/uploads/akureyri2013/Bolender_2_1372258846.docx
[DOC] Background Material - Europlanet Society,https://www.europlanet-society.org/wp-content/uploads/2021/04/Volcanoes-Teacher-Guide.docx
[DOC] Appendix II: Draft Glass Analysis Methodology - vhub,https://vhub.org/resources/4465/download/Glass_analysis_methods_2.docx
[DOC] Meeting INFO_Iceland..,https://ceos.org/document_management/Working_Groups/WGDisasters/WGMeetings/WGDisasters_Mtg12_Iceland/Meeting%2520INFO_Iceland.docx
[DOC] CURRICULUM VITA - UW Oshkosh,https://uwosh.edu/geography/long-c-v-10-2018/
[DOC] volcanism portfolio project 2015.docx,http://www.hoodriver.k12.or.us/cms/lib06/OR01000849/Centricity/Domain/256/volcanism%2520portfolio%2520project%25202015.docx
[DOC] Earth Science Study Guide Study GUide Geological Activity from ...,https://dr282zn36sxxg.cloudfront.net/datastreams/f-d%253Af20767667f5f2cc068fee6f816382794b484ae03bedf6f2727c9fef6%252BSTUDYGUIDE%252BSTUDYGUIDE.1
[DOC] Massive biomass flushing despite modest channel response in the ...,http://eprints.lincoln.ac.uk/32780/1/Ulloa%2520et%2520al_Islands%2520Rayas_Changes_Accepted.docx
[DOC] Biosphere 2 REU (B2) - The University of Arizona Graduate College,https://grad.arizona.edu/uroc/sites/default/files/uagc_page/2018_biosphere_2_b2_abstacts.docx
[DOC] Table S3. New Zealand Soil Classification (NZSC) codes for the ...,http://www.plosone.org/article/fetchSingleRepresentation.action%3Furi%3Dinfo:doi/10.1371/journal.pone.0116474.s004
[DOC] Volcanoes Substitue Assignment.docx,https://www.stocktonusd.net/cms/lib/CA01902791/Centricity/Domain/3232/Volcanoes%2520Substitue%2520Assignment.docx
[DOC] EDWARDS-RESUMEN.docx,https://crubweb.uncoma.edu.ar/docbiologia/Descargas/TESIS%2520APROBADAS/EDWARDS-RESUMEN.docx
[DOC] Standards of Cover - Pasco-wa.gov,https://www.pasco-wa.gov/951/Standards-of-Cover-DOC
[DOC] Important Dates: Spelling Test 9/1 Bible Test 9/1 Science vocab quiz ...,http://cornerstonechristianschool.org/wp-content/uploads/2017/08/Aug-25-2017.docx
[DOC] Keys to Soil Taxonomy 12th edition,https://www.nrcs.usda.gov/wps/PA_NRCSConsumption/download%3Fcid%3Dnrcseprd1554815%26ext%3Ddocx
[DOC] 1-s2.0-S0009254121000899-mmc1.docx - Caltech Authors,https://authors.library.caltech.edu/108348/3/1-s2.0-S0009254121000899-mmc1.docx
[DOC] 20140315-0316_program_en.docx,https://www.meiji.ac.jp/cols/english/6t5h7p00000go6mi-att/20140315-0316_program_en.docx
[DOC] The influence of pluvial lake cycles on earthquake recurrence in the ...,https://www.geology.cwu.edu/facstaff/egger/documents/Egger_etal_2016_References.docx
[DOC] Link to the Pullar-Vucetich Prize nomination form - Geoscience ...,https://www.gsnz.org.nz/assets/Uploads/Awards/Award-nomination-forms-June-2020/Pullar-Vucetich-.docx
[DOC] Talking Points plus Extras,https://rammb2.cira.colostate.edu/wp-content/uploads/2019/11/VolAshTalkingPoints.docx
[DOC] Worksheet for Lab 2: Degassing,https://www.e-education.psu.edu/rocco/sites/www.e-education.psu.edu.rocco/files/Module%25203%2520Lab-corrected.docx
[DOC] Using absolute dating methods - Science Learning Hub,https://static.sciencelearn.org.nz/documents/files/000/001/127/original/Using_absolute_dating_methods_activity.docx%3F1645677053
[DOC] Geology Lab 1,http://tmpsantafe.org/wp-content/uploads/2016/08/Homework_Chapter-2-Vocab.docx
[DOC] Earth Science Study Guide Key - Regular.docx,http://www.centergrove.k12.in.us/cms/lib4/IN01000850/Centricity/Domain/1384/Earth%2520Science%2520Study%2520Guide%2520Key%2520-%2520Regular.docx
[DOC] resource-guides-earth-space-science-052716.docx - IN.gov,https://www.in.gov/doe/files/resource-guides-earth-space-science-052716.docx
