File:En-polite.ogg - Wiktionary,https://en.m.wiktionary.org/wiki/File:En-polite.ogg
File:en-polite.ogg - Simple English Wiktionary,https://simple.wiktionary.org/wiki/File:en-polite.ogg
File:En-polite.ogg - Wikimedia Commons,https://commons.wikimedia.org/wiki/File:En-polite.ogg
File:NukneH 02.ogg - Wikimedia Commons,https://commons.wikimedia.org/wiki/File:NukneH_02.ogg
File:Gettysburg by Britton.ogg - Wikibooks,https://en.wikibooks.org/wiki/File:Gettysburg_by_Britton.ogg
File:EL-χαίρετε.ogg - Wikipedia,https://en.m.wikipedia.org/wiki/File:EL-%25CF%2587%25CE%25B1%25CE%25AF%25CF%2581%25CE%25B5%25CF%2584%25CE%25B5.ogg
File:It-scusi.ogg - Wikipedia,https://en.wikipedia.org/wiki/File:It-scusi.ogg
Yone/LoL/Audio | League of Legends Wiki - Fandom,http://leagueoflegends.wikia.com/wiki/File:Yone_Original_Dance_in_SFX.ogg
Bethy Mangano/Dialogue | Fallout Wiki - Fandom,https://fallout.fandom.com/wiki/File:Bethy_Mangano_00599808_3.ogg%3Fdiff%3D3625574%26oldid%3D0
Fail:Gettysburg by Britton.ogg - Wikipedia Bahasa Melayu ...,http://ms.wikidark.org/wiki/Fail:Gettysburg_by_Britton.ogg
