'Petulant Inconsistency'? - JStor,https://www.jstor.org/stable/3032698
Covid-19: Trump halts WHO funding in move labelled ... - The BMJ,https://www.bmj.com/content/bmj/369/bmj.m1502.full.pdf
Pythagoras's Petulant Persecutors - Wiley Online Library,https://onlinelibrary.wiley.com/doi/pdf/10.1002/%2528SICI%25291099-1468%2528199706%252918%253A4%253C343%253A%253AAID-MDE824%253E3.0.CO%253B2-F
"Petulant, Short-of-Senile, NHBD - SAGE Journals",https://journals.sagepub.com/doi/pdf/10.1177/0888439004182001
[PDF] 2020 petulant naturel malvasia bianca - BIRICHINO,https://www.birichino.com/s/2020-Petulant-Naturel-tech-sheet-copy.pdf
A Petulant Demand,https://www.tandfonline.com/doi/pdf/10.1080/02773945.2015.1088347
[PDF] The Case of the Petulant Patriarch - Jane Austen Society of North ...,https://jasna.org/persuasions/printed/number20/graham.pdf
Petulant cellular acts: destroying the ECM rather than creating it,https://www.jci.org/articles/view/11892/version/1/pdf/render.pdf
"[PDF] Earl Raab December 18, 1978 OUR PETULANT PRESIDENT We ...",https://jcrc.org/uploads/OUR_PETULANT_PRESIDENT_DECEMBER_18%252C_1978.pdf
[PDF] “Keep the petulant testosterone off the court!”: A critical discourse ...,http://oaji.net/pdf.html%3Fn%3D2020/8307-1595891690.pdf
[PDF] McCleary decision still provoking petulance - Washington State Courts,http://www.courts.wa.gov/content/publicupload/eclips/2015%252001%252008%2520McCleary%2520decision%2520still%2520provoking%2520petulance.pdf
[PDF] pieces - Iowa Legislature,https://www.legis.iowa.gov/docs/publications/TB/25484.pdf
[PDF] Your Petulant RA - PeterPages.github.io!,https://peterpages.github.io/hillcrest/hillpress/05_11xx.pdf
Petulant Britons on the edge of mass disobedience - new report,https://pressreleases.responsesource.com/news/21328/petulant-britons-on-the-edge-of-mass-disobedience-new/%3Fexport%3Dpdf
[PDF] “She felt so tearful and petulant” - Theseus,https://www.theseus.fi/bitstream/10024/81417/1/Luukkanen_Ida_Nieminen_Julia.pdf
"[PDF] Mar. 22 When I first read this, God appeared petulant. I don't serve a ...",https://libcov.org/wp-content/uploads/2021/03/Immerse-Day-36-Circle-Back.pdf
[PDF] Lesson 24 - SAT - Miss C's Classroom Corner,https://misscclassroomcorner.weebly.com/uploads/2/3/4/6/23465494/lesson_24_-_sat.pdf
[PDF] Feature S Latin-Derived Suffixes,https://www.wtps.org/cms/lib/NJ01912980/Centricity/Domain/2421/Feature%2520S%2520Sort%25204.pdf
Book War and peace: medicine and modernity - The Lancet,https://www.thelancet.com/pdfs/journals/lancet/PIIS0140-6736(06)68055-0.pdf
"[PDF] Petulant Cats £1,950.00 - Grays Antiques",https://www.graysantiques.com/download/415
[PDF] Petulant,https://100percentenglish.net/significado-en-ingles-de/petulant/%3Fprint%3Dpdf
[PDF] Unit One: Choosing the Right Word,https://www.sausd.us/cms/lib/CA01000471/Centricity/Domain/5201/List%25201%2520Answers.pdf
A Critique of Protectionist Petulance,https://muse.jhu.edu/article/496149/pdf
"[PDF] Petulant At Heart, Bolt's Argument Obscures Facts - The Koori ...",http://www.kooriweb.org/foley/news/2000s/2016/aust13may2016.pdf
[PDF] The Difference in Lewy Body Dementia - Alzheimer's Association,https://www.alz.org/media/cacentral/documents/Professional-Care-38-The-Difference-in-Lewy-Body.pdf
2013 Petulant Naturel tech sheet - BIRICHINO,https://alex-krause.squarespace.com/s/2013-Petulant-Naturel-tech-sheet.pdf
[PDF] Approaches by the Permanent Five Members of the Security Council ...,https://digital.library.adelaide.edu.au/dspace/bitstream/2440/114434/1/01front.pdf
[PDF] Reading Gladiators,https://readinggladiators.org.uk/wp-content/uploads/2020/10/Sasha-and-the-WC-Charactercards.pdf
[PDF] Do your containers have the summertime blues? Are your petunias ...,https://www.thevillagegrocer.com/the-village-cooking-studio/attachment/joanna-big-sign-2/
[PDF] vocabulary from latin and greek roots,http://www.whsd.k12.pa.us/userfiles/1635/Classes/8081/Unit%25201%2520Latin.pdf
