[PS] The Homotopy Hypothesis • • •GG • •'' • • • •GG - UCR Math,https://math.ucr.edu/home/baez/homotopy/homotopy.ps
[PS] EVOLUTION AND PERSISTENCE OF 5-m HOT SPOTS AT THE ...,https://www.iaa.csic.es/~ortiz/papers/lastrev2-5-98.ps
[PS] The SuperWASP exoplanet transit survey - Astronomical Institute ...,https://www.ta3.sk/caosp/Eedition/FullTexts/vol43no3/pp500-512.ps.gz
[PS] A Two-Dimensional Model of Plasma Transport and Chemistry in the ...,http://www.tau.ac.il/~arkee/io.ps
[PS] Observational Constraints on the Composition and Nature of Comet ...,https://lesia.obspm.fr/perso/jacques-crovisier/biblio/preprint/cro96_SL9.ps.gz
[PS] Geodetic Measurements with VLBI,https://www.cv.nrao.edu/vlbabook/shaffer.ps.gz
