CNN Africa,http://www.cnn.com/rss/feedburner/cnn_podcast_cnnafrica.rss
This is Public - Audioboom,https://audioboom.com/channels/4994936.rss
A Podcast for Everything Human - SAPIENS,https://pod.link/1425178922.rss
Thinking About Indigenous Religions - Buzzsprout,https://feeds.buzzsprout.com/1596607.rss
Reconcile. Everyday Conversations - Anchor,https://feeds.buzzsprout.com/223226.rss
Medicine for the Resistance - Substack,https://api.substack.com/feed/podcast/515892.rss
