[PPT] Assisted Readymades and Surreal Objects - Morean Arts Center,https://www.moreanartscenter.org/wp-content/uploads/2018/04/Readymades-and-Surreal-Objects.pptx
[PPT] Surrealistic Hand Drawing - White Plains Public Schools,https://www.whiteplainspublicschools.org/cms/lib/NY01000029/Centricity/Domain/1857/Surreal%2520Hand%2520Drawing.pptx
[PPT] Surreal Landscapes - WordPress.com,https://artfulsquid.files.wordpress.com/2017/02/surreal-landscapes.pptx
[PPT] Well-being - TeachingEnglish,https://www.teachingenglish.org.uk/sites/teacheng/files/Pros_cons_lockdown_class_materials.pptx
"[PPT] Montage, Expressionism and Surrealism",https://www.csus.edu/indiv/s/starkj/faculty/coms142outsiders/history/european.pptx
[PPT] Dušan and Voitre Marek: Surrealists at sea - AWS,https://agsa-prod.s3.amazonaws.com/media/dd/files/Marek_Brothers_Education_Resource_V2.a9ced36.pptx
[PPT] Hands,https://learn.clf.uk/wp-content/uploads/2020/06/Handscapes-Lesson-1.pptx
[PPT] Adventures in Electronic Literature,http://dtc-wsuv.org/wp/dtc338-elit/files/2019/04/Farinsky-Final-Project-Presentation-1.pptx
[PPT] Conceptual Portraiture - SU LMS,https://lms.su.edu.pk/download%3Ffilename%3D1588482207-portraiture.pptx%26lesson%3D17520
[PPT] Reading Asia welcoming award-winning children's literature into ...,https://asia-center.utah.edu/_resources/documents/outreach/international-childrens-resources/teacher-ppt-phone-booth.pptx
[PPT] Ancient Greece,https://www.cusd80.com/cms/lib/AZ01001175/Centricity/Domain/1070/Greek%2520Religion.pptx
[PPT] Gregory Crewdson,https://you.stonybrook.edu/dylannnxie/files/2017/02/Qiming-Presentation-on-Gregory-Crewdson-2clyana.pptx
[PPT] Maia Flore,https://you.stonybrook.edu/youraphoto/files/2016/02/ARS381_Presentation1-vhl2rj.pptx
[PPT] View the presentation slide deck here,https://www.dsmpartnership.com/filesimages/BLOGS/20-05/DSM%2520Partnership%2520Sales%2520Seminar_Ben_Final.pptx
[PPT] QUALITATIVE DATA ANALYSIS,https://www.nera-education.org/docs/FINAL_NERA_Webinar_Version_for_4.23.14_fdb.pptx
[PPT] GCSE PHOTOGRAPHY,https://www.nusa.org.uk/data/uploads/art/files/Year_10_Portraiture_Coursework_12.07%25281%2529.pptx
[PPT] Egyptian Mythology,https://www.classicsteachers.com/uploads/1/1/6/9/116945311/5._ancient_egypt_-_creation_myths.pptx
"[PPT] Surrealism: Andre Breton, “Always for the First Time” - WordPress.com",https://artisticmovementsandthemes.files.wordpress.com/2015/05/italslide.pptx
[PPT] Objectives - Ambitious Science Teaching,https://ambitiousscienceteaching.org/wp-content/uploads/2017/07/Lesson4.pptx
[PPT] Map of Africa showing Tanzania and the Serengeti.,https://content.wetu.com/Resources//257903/royal_migration_camp_low_resolution2.pptx
