[PDF] Polyacrylamide (PAM) - State of Michigan,https://www.michigan.gov/documents/deq/nps-polyacrylamide_332130_7.pdf
[PDF] POLYACRYLAMIDE PRODUCTS AND SOIL EROSION AND ...,https://www.michigan.gov/documents/deq/wb-stormwater-TechnicalGuidancePAMs_197048_7.pdf
[PDF] Polyacrylamides (PAMs) - SCDHEC,http://www.scdhec.gov/sites/default/files/docs/Environment/docs/eros-Polyacrylamides.pdf
[PDF] Polyacrylamides (PAMs) - Amazon AWS,https://wyattfiles.s3-us-west-2.amazonaws.com/literature/app-notes/sec-mals-synth-polymers/polyacrylamide.pdf
[PDF] Polyacrylamide Chemistry Provides Pathway to Novel Polymers,http://djhurij4nde4r.cloudfront.net/attachments/files/000/000/648/original/20180205_NCS_Post-Polymerization_Modification_of_Polyacrylamide.pdf%3F1533300864
[PDF] Polyacrylamide (PAM) for Turbidity Reduction and Sediment Control,http://www.aiswcd.org/wp-content/uploads/2013/06/urbst8941.pdf
[PDF] Polyacrylamide and its derivatives for oil recovery - Scholars' Mine,https://scholarsmine.mst.edu/cgi/viewcontent.cgi%3Farticle%3D3537%26context%3Ddoctoral_dissertations
Adsorption of Polyacrylamides on the Different Faces of Kaolinites,https://www.sciencedirect.com/science/article/pii/0021979791901677/pdf%3Fmd5%3D112ffffb1512a789062b2f8ffb72aaa6%26pid%3D1-s2.0-0021979791901677-main.pdf
[PDF] Chemical and Photolytic Degradation of Polyacrylamides Used in ...,https://digitalcommons.usf.edu/cgi/viewcontent.cgi%3Farticle%3D1992%26context%3Detd
[PDF] Conservation Practice Standard Anionic Polyacrylamide (PAM ...,https://www.nrcs.usda.gov/wps/PA_NRCSConsumption/download%3Fcid%3Dnrcseprd1671022%26ext%3Dpdf
[PDF] Polyacrylamide use for Sediment Reduction in Construction Site ...,https://www.roads.maryland.gov/OPR_Research/MD-06-SP508B4J-Polyacrylamide-Use-for-Sediment-Reduction-in-Construction-Site-Stormwater-Discharge-Report.pdf
[PDF] Make Polyacrylamide Work for You! - OSU Extension Catalog,https://catalog.extension.oregonstate.edu/sites/catalog/files/project/pdf/em8958.pdf
[PDF] Anionic Polyacrylamide Application Guide for Urban Construction in ...,https://sustainabletechnologies.ca/app/uploads/2013/02/Polymer-Guide-Final_NewFormat.pdf
[PDF] Review of the Application of Polyacrylamides for Soil Erosion ...,https://www.ars.usda.gov/ARSUserFiles/21563/Review%2520of%2520the%2520App%2520of%2520Polyacrylamides%2520for%2520Soil%2520Erosion.pdf
Some Aspects of the Properties and Degradation of Polyacrylamides,https://pubs.acs.org/doi/pdf/10.1021/cr010439p
"[PDF] A Review of the Use, Effectiveness, and Cost of a Soil Erosion ...","https://stormwater.ucf.edu/fileRepository/docs/chemicaltreatment/documents/Green,%2520Stott%25201999%2520Effectiveness%2520%26%2520Cost%2520of%2520PAM%2520for%2520Erosion%2520Control.pdf"
[PDF] The Myth of Polyacrylamide Hydrogels: | Wsu,https://s3.wp.wsu.edu/uploads/sites/403/2015/03/hydrogels.pdf
The effects of gelâ•'forming polyacrylamides on moisture storage in ...,https://onlinelibrary.wiley.com/doi/pdf/10.1002/jsfa.2740351110
"[PDF] ACRYLAMIDE, POLYACRYLAMIDE - IHS Markit",https://ihsmarkit.com/pdf/RP099_toc_174223110917062932.pdf
[PDF] Determination of Polyacrylamides in Reclaimed Water - Agilent,https://www.agilent.com/cs/library/applications/5991-5789EN.pdf
[PDF] A Guide to Polyacrylamide Gel Electrophoresis and Detection,https://www.bio-rad.com/webroot/web/pdf/lsr/literature/Bulletin_6040.pdf
[PDF] Adsorption Characteristics of Polyacrylamide and Sulfonate ...,http://www.columbia.edu/~ps24/PDFs/Adsorption%2520Characteristics%2520of%2520Polyacrylamide%2520and%2520Sulfonate%2520..pdf
[PDF] Charge Effects in the Adsorption . . . Its Flocculation.pdf - Columbia ...,http://www.columbia.edu/~ps24/PDFs/Charge%2520Effects%2520in%2520the%2520Adsorption%2520.%2520.%2520.%2520Its%2520Flocculation.pdf
[PDF] Synthesis and Application of Anionic Polyacrylamide in Water ...,https://asianjournalofchemistry.co.in/User/ViewFreeArticle.aspx%3FArticleID%3D25_14_2%26fileType%3DHTML
[PDF] Polyacrylamide,https://www.austieca.com.au/documents/item/225
An Evaluation of Polyacrylamides for Reducing Water Production,https://onepetro.org/jpt/article-pdf/28/08/906/2225697/spe-5610-pa.pdf
[PDF] Stability of Partially Hydrolyzed Polyacrylamides at Elevated ...,http://baervan.nmt.edu/groups/res-sweep/media/pdf/SPE_121460_web.pdf
The Determination of Traces of Polyacrylamides in Water - JSTOR,https://www.jstor.org/stable/41257340
Turbidimetric Determination of Anionic Polyacrylamide in Low ...,https://dl.sciencesocieties.org/publications/jeq/pdfs/42/6/1902
[PDF] Cationic polyacrylamide copolymers (PAMs),https://d-nb.info/1163455539/34
Polyacrylamide-Based Sorbents for the Removal of Hazardous Metals,https://journals.sagepub.com/doi/pdf/10.1260/0263-6174.31.8.691
[PDF] INTERACTIONS OF POLYACRYLAMIDES USED FOR ... - ShareOK,https://shareok.org/bitstream/handle/11244/14392/Thesis-1987D-S516i.pdf%3Fsequence%3D1
[PDF] Impact of Polyacrylamide Adsorption on Flow through Porous ...,https://hal.archives-ouvertes.fr/hal-01894835/document
[PDF] Polyacrylamides Bearing Pendant R-Sialoside Groups Strongly,https://datascience.iq.harvard.edu/files/gmwgroup/files/489.pdf
"[PDF] PAHG Advisory, February 2021 POLYACRYLAMIDE HYDROGEL ...",https://rmtcnet.com/wp-content/uploads/2021/02/2021-02-Polyacrylamide-Gel-Advisory-.pdf
[PDF] Polyacrylamide (PAM) for Temporary Soil Stabilization,https://illinoisurbanmanual.org/wp-content/uploads/2018/08/urbst893_PamSoilStabilization.pdf
[PDF] Hydrophobically associating polyacrylamides and their partially ...,http://okina.univ-angers.fr/publications/ua4813/1/2005_feng_et_al_polymer.pdf
[PDF] A Guide to Using Polyacrylamide (PAM) Polymers for Control of ...,http://cemonterey.ucanr.edu/files/170983.pdf
[PDF] Isolation and Characterization of Polyacrylamide-Degrading ... - MDPI,https://www.mdpi.com/1660-4601/12/4/4214/pdf
[PDF] Synthesis and Characterization of Different Molecular Weights ...,http://www.iosrjournals.org/iosr-jac/papers/vol10-issue4/Version-1/I1004016773.pdf
[PDF] Polyacrylamide Emulsions Handbook - Watertech of America,https://www.watertechusa.com/userdata/userfiles/file/WT%2520Sell%2520Sheets/Polyacrylamide-Emulsion-Handbook.pdf
[PDF] Synthesis and Solution Characterization of Water-Soluble ... - CORE,https://core.ac.uk/download/pdf/230625885.pdf
[PDF] Polyacrylamide-Treated Kaolin clay: A Fabric Study - Electronic ...,https://etda.libraries.psu.edu/files/final_submissions/5969
[PDF] Section 895—Polyacrylamide (PAM),http://www.dot.ga.gov/PartnerSmart/Business/Source/special_provisions/shelf/sp895.pdf
[PDF] Improvement of alum and PACl coagulation by polyacrylamides ...,https://daneshyari.com/article/preview/153459.pdf
[PDF] Revision date: February 2021 1 ANIONIC POLYACRYLAMIDE This ...,https://www.santos.com/wp-content/uploads/2021/04/Anionic-Polyacrylamide-March-2021.pdf
Combining photolysis and bioprocesses for mineralization of high ...,https://link.springer.com/content/pdf/10.1023/A:1021272519714.pdf
[PDF] Polyacrylamide gel analysis of oligonucleotides - QIAGEN,https://www.qiagen.com/us/~/media/a420e00a969142b1a031cfbf24c5dee1.ashx
[PDF] Effectiveness of Polyacrylamide in Reducing Runoff and Soil Loss ...,https://pdfs.semanticscholar.org/175c/47fe6ffdef8790b8a8f09fe78dbec86f73c0.pdf
Application of polymer integration technique for enhancing ...,https://www.cell.com/heliyon/pdf/S2405-8440(19)35773-1.pdf
[PDF] Polyacrylamide - chemplan.biz!,http://chemplan.biz/chemplan_demo/sample_reports/PAM_Profile.pdf
An experimental investigation of polyacrylamide and sulfonated ...,https://www.tandfonline.com/doi/pdf/10.1080/01932691.2018.1462712
Determination of Acrylamide Monomer in Polyacrylamide ...,https://academic.oup.com/chromsci/article-pdf/37/12/486/998834/37-12-486.pdf
[PDF] Polyacrylamide Emulsions Handbook | SNF,https://www.snf.com/wp-content/uploads/2019/12/Polyacrylamide-Emulsion-Handbook-EN.pdf
[PDF] Alternative to Polyacrylamide Gels Improves,https://www.med.upenn.edu/robertsonlab/assets/user-content/documents/Alternative%2520to%2520Polyacrylamide%2520Gels%2520Improves%2520the%2520Electrophoretic%2520Mobility%2520Shift%2520Assay.pdf
[PDF] Evaluation of Polyacrylamide (PAM) for Reducing Sediment and ...,https://www.cdfa.ca.gov/is/docs/Evaluation%2520of%2520Polyacrylamide.pdf
"[PDF] Elastic, Superporous Hydrogel Hybrids of Polyacrylamide and ...",https://web.ics.purdue.edu/~kpark/Published%2520Papers/Omidian%252006%2520MacroBiosci.pdf
Radiologic Features of Polyacrylamide Gel Mammoplasty,https://www.ajronline.org/doi/pdf/10.2214/AJR.07.3616
[PDF] Polyacrylamides in Irrigated Agriculture - Five Elements,https://www.five-elements.com.au/resources/Polyacrylamide%2520in%2520Irrigated%2520Agriculture.pdf
