Creating a Family: Talk about Adoption & Foster Care - Buzzsprout,https://feeds.buzzsprout.com/275835.rss
