File:en-us-hearth.ogg - Wiktionary,https://en.wiktionary.org/wiki/File:en-us-hearth.ogg
File:En-us-hearth.ogg - Wikimedia Commons,https://commons.wikimedia.org/wiki/File:En-us-hearth.ogg
File:Hen Aelwyd - Robin Huw Bowen.ogg - Wikimedia Commons,https://commons.m.wikimedia.org/wiki/File:Hen_Aelwyd_-_Robin_Huw_Bowen.ogg
Файл:Y Dydd - Robin Huw Bowen.ogg - Википедия,https://ru.wikipedia.org/wiki/%25D0%25A4%25D0%25B0%25D0%25B9%25D0%25BB:Y_Dydd_-_Robin_Huw_Bowen.ogg
