حادث التعرف على موقع Previs bahar dvd 154.mkv - rg-ecuservice.com,https://www.rg-ecuservice.com/bahar-dvd-154.mkv
