[PPT] ANIMAL BEHAVIOR,https://www.fillmorecsd.org/cms/lib/NY19000841/Centricity/Domain/66/ANIMAL%2520BEHAVIOR%2520Powerpoint.pptx
[PPT] Engaging with Everyday Challenges - Amazon AWS,https://asnevents.s3.amazonaws.com/Abstrakt-Presentation/23804-PK15_Brooker.pptx
[PPT] Download the PowerPoint Presentation - NAMI Marin,https://www.namimarin.org/s/Helping-loved-ones-to-cope-better-with-voices-and-paranoia-5.pptx
[PPT] Phase-Oriented Approach to PTSD Treatment,https://www.dva.wa.gov/sites/default/files/2020-02/F3a_VRC_Yoga.pptx
[PPT] Livestock Feeding Practices,https://www.shsu.edu/academics/agricultural-sciences-and-engineering-technology/documents/LivestockFeedingPractices.pptx
[PPT] Vocabulary 11,https://www.dvusd.org/cms/lib/AZ01901092/Centricity/Domain/4117/WW%2520Lesson%25203b.pptx
[PPT] Skin penetration Pathogenesis of Schistosoma Nasal Schistosomosis,https://www.basu.org.in/wp-content/uploads/2021/06/Schistosomatidae.pptx
[PPT] PowerPoint Presentation,https://www.stjohns.k12.fl.us/ese/wp-content/uploads/sites/26/2015/02/ProcrastinationPresentation_April17_2018_FINALfor-real.pptm
[PPT] final review,http://www.usu.edu/markdamen/wordpower/PP/33FinalRevA.pptx
[PPT] Steer Selection 2010 - Humble ISD,https://www.humbleisd.net/cms/lib/TX01001414/Centricity/Domain/3533/Steer%2520Selection%25202018.pptx
[PPT] PowerPoint Presentation - MyCourses,https://mycourses.aalto.fi/mod/resource/view.php%3Fid%3D637909
[PPT] How does learning about growth mindset impact your understanding ...,https://canvas.oregonstate.edu/files/66323942/download%3Fdownload_frd%3D1
[PPT] Listening skills I teach in EN120:,https://www.skillscommons.org/bitstream/handle/taaccct/14685/ENGL294C_Communicating%2520Mindfully_S18_Module%25204_CCBY-accessible.pptx%3Fsequence%3D9%26isAllowed%3Dy
[PPT] Sadlier-Oxford,https://www.crsd.org/cms/lib/PA01000188/Centricity/Domain/820/Vocabulary%2520Unit%252012KEEPER.pptx
[PPT] Subconscious Mind (90-95%),https://scscounseling.com/wp-content/uploads/2021/10/PLATE-Presentation.pptx
[PPT] How cows spend their day,https://www.sciencelearn.org.nz/system/documents/files/000/001/089/original/How_cows_spend_their_day_%25E2%2580%2593_.slideshow.pptx%3F1640118679
[PPT] What am I saying?,https://cdn.fs.pathlms.com/b9Yg8I7eSpqi7RFN0K3g
[PPT] How to Stay Positive as a Quality Leader - Nebraska Hospital ...,https://www.nebraskahospitals.org/file_download/5ebca181-5b5a-48b1-8e42-0036e40aae6a
[PPT] Clinical Strategies to Help Clients Adjust After Traumatic Breakups,https://gacollegecounseling.org/wp-content/uploads/2019/02/Clinical-Strategies-to-Help-Clients-Adjust-After-Traumatic.pptx
[PPT] The World of Behavioral Health - John Sommers-Flanagan,https://johnsommersflanagan.files.wordpress.com/2022/04/the-way-of-the-humanist-aca-2022-for-blog.pptx
