StoneCast - Buzzsprout,https://feeds.buzzsprout.com/89703.rss
Coaching Kids Curling - Buzzsprout,https://feeds.buzzsprout.com/1048435.rss
How Do You Write - Acast,https://pod.link/1122159165.rss
