LXM!SKMHD (2020) www.SkymoviesHD.nl 1080p HDRip Hindi ...,https://seesaawiki.jp/acandorko/d/LXM%2521SKMHD%2520%25282020%2529%2520www.SkymoviesHD.nl%25201080p%2520HDRip%2520Hindi%2520x264%2520ESub.mkv
加密访问,https://hanabe.me/SharedVideos/MikroTik%2520IPSec%2520IKEv2%2520VPN%2520between%2520routers%2520%2528site-to-site%2529-%2520easy%2520step-by-step%2520guide%2520-%2520YouTube.mkv%3Fhash%3DNMqg3q7e
مسلسل خط ساخن الحلقة 29 التاسعة والعشرون.mkv,https://nb6at.cahuparo.me/post/%25D9%2585%25D8%25B3%25D9%2584%25D8%25B3%25D9%2584%2B%25D8%25AE%25D8%25B7%2B%25D8%25B3%25D8%25A7%25D8%25AE%25D9%2586%2B%25D8%25A7%25D9%2584%25D8%25AD%25D9%2584%25D9%2582%25D8%25A9%2B29%2B%25D8%25A7%25D9%2584%25D8%25AA%25D8%25A7%25D8%25B3%25D8%25B9%25D8%25A9%2B%25D9%2588%25D8%25A7%25D9%2584%25D8%25B9%25D8%25B4%25D8%25B1%25D9%2588%25D9%2586.mkv
FuckingGamble Game 29 12000k.mkv - xxx Rózne FULL HD,"http://chomikuj.pl/haker82/xxx%2BR*c3*b3zne%2BFULL%2B%2BHD/FuckingGamble%2B%2B-%2BGame%2B29%2B-%2B12000k,1694114359.mkv"
High.mkv torrent - BTDigg,https://www.btdig.com/709b1fc9f9b137f85e5907f7bd9e5a8489dbadb1/high.mkv
