[PDF] WEF - System Value Framework Summary,https://www3.weforum.org/docs/WEF_Overview_Path_to_Maximise_System_Value_2020.pdf
[PDF] CARDÁPIO - Maní,https://manimanioca.com.br/casamanioca/wp-content/uploads/sites/3/2016/04/pra-levar.pdf
[PDF] Casa Manioca,http://manimanioca.com.br/casamanioca/wp-content/uploads/sites/3/2017/09/casa_manioca_em_1_minuto.pdf
[PDF] A Energia de Biomassa em Manaus - CiteSeerX,https://citeseerx.ist.psu.edu/viewdoc/download%3Fdoi%3D10.1.1.592.6728%26rep%3Drep1%26type%3Dpdf
Raffaele Ciferri (1897-1964) - jstor,https://www.jstor.org/stable/3756822
[PDF] Código de conduta - Manioca,https://maniocabrasil.com/wp-content/uploads/2022/03/C%25C3%2593DIGO-DE-CONDUTA-MANIOCA.pdf
[PDF] MACCHINE ED IMPIANTI PER LA COLTIVAZIONE DELLA MANIOCA,https://www.researchgate.net/profile/Paolo_Amirante/publication/333162055_MACCHINE_ED_IMPIANTI_PER_LA_COLTIVAZIONE_DELLA_LATTUGA/links/5ed7ea1d45851529452b154f/MACCHINE-ED-IMPIANTI-PER-LA-COLTIVAZIONE-DELLA-LATTUGA.pdf
[PDF] Nuove varietà di manioca per battere la fame - Kataweb,http://download.kataweb.it/mediaweb/pdf/espresso/scienze/2011/12/21/124436712-5d32fcac-0e68-4894-a59c-efc4a5d8546f.pdf
[PDF] Vegetables - THIMAAVESHI,https://thimaaveshi.files.wordpress.com/2009/10/vegetables.pdf
[PDF] PROGETTO MANIOCA - Comune di Jesolo,https://www.comune.jesolo.ve.it/flex/cm/pages/ServeAttachment.php/L/IT/D/1%25252F1%25252F1%25252FD.cdeded3961492aab6170/P/BLOB%253AID%253D13491/E/pdf
[PDF] MANIOCA-BIOECONOMIA-MS.pdf - Semagro,http://www.semagro.ms.gov.br/wp-content/uploads/2019/12/MANIOCA-BIOECONOMIA-MS.pdf
[PDF] Progetto “Casa Magnificat” - Trasformazione manioca in tapioca,https://amici.scuolaapostolica.it/wp-content/uploads/Gila46/2018/Progetto%2520Manioca%2520in%2520Tapioca.pdf
[PDF] recante modalità di applicazione del regime di importazione della ...,http://eur-lex.europa.eu/legal-content/IT/TXT/PDF/%3Furi%3DCELEX:31986R4094%26from%3DEN
[PDF] GASTR. PY - CROCCHETTE DI MANIOCA RIPIENE DI CARNE,http://www.colidolat.org/wp-content/uploads/2017/04/res815676_GASTR.-PY-CROCCHETTE-DI-MANIOCA-RIPIENE-DI-CARNE.pdf
[PDF] 1 SINTESI DEL PROGETTO MANIOCA Mappa del Camerun Titolo,http://www.uptersolidarieta.it/wp-content/uploads/2018/09/Sintesi-Progeto-manioca-2.pdf
[PDF] Tuberi e radici - UniTE,http://www.unite.it/UniTE/Engine/RAServeFile.php/f/File_Prof/MARONE_985/8AmilaceePatataManiocaBatata2015_16.pdf
[PDF] Manioca for Kimbondo MANagement In Outdoor ... - Regione FVG,https://www.regione.fvg.it/rafvg/export/sites/default/RAFVG/fondi-europei-fvg-internazionale/cooperazione-internazionale-sviluppo/FOGLIA121/allegati/Oikos.pdf
[PDF] 1. Cassava root,https://www.aseancassava.info/archive_download/Cassava_root.pdf
[PDF] Miglio Manioca - Movimento Gocce di Giustizia,http://www.goccedigiustizia.it/wp-content/uploads/2017/01/Le-schede-dei-12-semi-da-esporre-in-forma-di-cartelloni.pdf
"[PDF] Manioca, Gari, Tapioca Risorse di Kolowaré",http://www.split.it/noprofit/koloware/kolo/gari.pdf
[PDF] Sumthin Good from Maputo - BLAC Foundation,http://blacfoundation.org/pdf/Sumthin_Maputo.pdf
[PDF] Progetto AL/2013/43 Produzione di manioca per il rafforzamento ...,http://www.caritasitaliana.it/materiali/Mondo/am_lat/haiti/progetti/AL-2013-43-Agg.pdf
[PDF] Menu Sabores 2021,https://irp.cdn-website.com/65af81fe/files/uploaded/Menu%2520Sabores%25202021.pdf
[PDF] Cassava: Between Subsistence and Business - Amazônia 2030,https://amazonia2030.org.br/wp-content/uploads/2022/02/Cassava-revisado-gm.pdf
[PDF] Ricetta Biscotti di cocco e manioca - Cookaround,https://cdn.cook.stbm.it/PDF/biscotti-di-cocco-e-manioca.pdf
"[PDF] Antipasti Carpaccio Di Manzo, creme fraiche al rafano, acciuga ...",https://www.orobistrot.it/wp-content/uploads/2021/02/Menu_Food_Estatate_2021.pdf
[PDF] Approving One-Year Extension of Charter Contract for CIVA Charter ...,https://www.d11.org/cms/lib/CO02201641/Centricity/Domain/69/35_CIVA%2520Charter%2520Contract%2520Extension.pdf
[PDF] Naturale Avocado Fragola Arancia& menta - Ferribiella Spa,http://ferribiella.it/Content/Images/uploaded/pdf/promo19/ORTOLINI_Ferribiella.pdf
[PDF] ACIDI ARISTOLOCHICI 18-19 - Moodle@Units,https://moodle2.units.it/pluginfile.php/280545/mod_resource/content/0/ACIDI%2520ARISTOLOCHICI%252019-20.pdf
[PDF] Cassava,http://www.caritas.it/caritasitaliana/allegati/5765/Alimenti_4_Manioca.pdf
"[PDF] A N T I P A S T I Z U P P E , P A S T E   E   R I S O T T I - Marriott",https://www.marriott.com/marriottassets/marriott/LONWB/PDF/LONWB_The_Wellesley_A_La_Carte_Dinner_Menu_Winter.pdf
[PDF] Cardápio-da-Semana-15-a-19-de-Julho.pdf - UEMA,https://www.uema.br/wp-content/uploads/2019/07/Card%25C3%25A1pio-da-Semana-15-a-19-de-Julho.pdf
[PDF] Daily Building Permit Log (09/15/2021 To 09/15/2021),https://ci.lubbock.tx.us/storage/images/C3uDT5YOyjnnwGDyNkKokY5Iwba3h1kzwyQcHcn6.pdf
[PDF] First investments for Mirova's Brazilian Strategy,https://www.zgkezhang.com/pdf/new-investments-abf.pdf
[PDF] Polvere di acerola in qualità bio con eccipiente biologico nei prodotti ...,https://partner.bio-suisse.ch/media/VundH/Merkbl/merkblatt_acerola-pulver_i_2019.pdf
[PDF] ALIMENTAZIONE RAGIONATA - Natural1,https://www.natural1.it/wp-content/uploads/2021/10/alimentazione_ragionata_apr16.pdf
[PDF] Vicente do Rego Monteiro: o nascimento do Mani Oca - CORE,https://core.ac.uk/download/pdf/78275891.pdf
[PDF] VASCULAR STREAKING OF STORED CASSAVA ROOTS· - istrc,http://www.istrc.org/images/Documents/Symposiums/First/1st_symposium_proceedings_vol2_0013_.pdf
[PDF] SOPA - MAJO – Tapas Paella Bar,https://majotapas.com.hk/wp-content/uploads/2021/11/MAJO_16112021_260x368mm_Placemat_Menu.pdf
[PDF] Kilifi.pdf - AICS - Nairobi Logo,https://nairobi.aics.gov.it/wp-content/uploads/2021/09/Kilifi.pdf
