File:En-us-writers.ogg - Simple English Wiktionary,https://simple.m.wiktionary.org/wiki/File:En-us-writers.ogg
File:en-us-writer.ogg - Simple English Wiktionary,https://simple.wiktionary.org/wiki/File:en-us-writer.ogg
File:En-us-writers.ogg - Wikimedia Commons,https://commons.wikimedia.org/wiki/Image:En-us-writers.ogg
File:1-Writers-reflections.ogg - Meta,https://meta.m.wikimedia.org/wiki/File:1-Writers-reflections.ogg
File:En-us-rider-writer.ogg - Wikipedia,https://en.wikipedia.org/wiki/File:En-us-rider-writer.ogg
File:Voice of William Gallagher writer.ogg - Wikipedia,https://en.wikipedia.org/wiki/File:Voice_of_William_Gallagher_writer.ogg
Aurelion Sol (Development) | League of Legends Wiki - Fandom,http://leagueoflegends.wikia.com/wiki/File:Aurelion_Sol_LoginTheme.ogg
File:Types of Evacuations from California OES.ogv,https://en.wikidark.org/wiki/File:Types_of_Evacuations_from_California_OES.ogg
File:Chapter 02 - Pride and Prejudice - Jane Austen.ogg - Wikisource,https://en.m.wikisource.org/wiki/File:Chapter_02_-_Pride_and_Prejudice_-_Jane_Austen.ogg
"Harlingen, Friesland | Familypedia - Fandom",https://familypedia.wikia.org/wiki/File:449_Harlingen.ogg
