[DOC] Georgia's “Caucasian Role” and Russia,http://www.spekali.tsu.ge/uplfiles/%25E1%2583%2592%25E1%2583%25A0%25E1%2583%2598%25E1%2583%2592%25E1%2583%2590%25E1%2583%259A%25E1%2583%2590%25E1%2583%25A8%25E1%2583%2595%25E1%2583%2598%25E1%2583%259A%25E1%2583%2598_%25E1%2583%2598%25E1%2583%259C%25E1%2583%2592%25E1%2583%259A%25E1%2583%2598%25E1%2583%25A1%25E1%2583%25A3%25E1%2583%25A0%25E1%2583%2598_%25E1%2583%2595%25E1%2583%2594%25E1%2583%25A0%25E1%2583%25A1%25E1%2583%2598%25E1%2583%2590.doc
[DOC] Souls That Are In Prison Pt.4 - Revealed Word Tabernacle,http://revealedword.com/Quotes/181118.doc
[DOC] Translated by: Hanan Hussein Ibrahim - ABC Islam Home Page,http://www.abcislam.net/English%2520Site/33Qur'an%2520Miracle/Word%2520Files/Ch2.doc
[DOC] 查經資料大全,https://www.ccbiblestudy.org/New%2520Testament/61%25202Pet/61-2Peter-E/610149%25E3%2580%258AGreek%2520Testament%2520Critical%2520Exegetical%2520Commentary%2520%25E2%2580%2593%25202%2520Peter%25E3%2580%258B(Henry%2520Alford).doc
[DOC] CPU SIMULATOR - An-Najah Repository,https://repository.najah.edu/bitstream/handle/20.500.11888/12073/CPU_SIMULATOR.doc%3Fsequence%3D1%26isAllowed%3Dy
[DOC] 查經資料大全,http://ccbiblestudy.net/New%2520Testament/61%25202Pet/61-2Peter-E/610155%25E3%2580%258ALange%25E2%2580%2599s%2520Commentary%2520on%2520the%2520Holy%2520Scriptures%2520%25E2%2580%2593%25202%2520Peter%25E3%2580%258B(Johann%2520P.%2520Lange).doc
[DOC] A Course in Consciousness,http://www.ardjoena.nl/Advaita/Media/A%2520Course%2520in%2520Consciousness.doc
[DOC] Word Consciousness.doc - Stillness Speaks,http://www.stillnessspeaks.com/assets/books/Sobottka%2520A%2520Couse%2520in%2520Consciousness.doc
"[DOC] Anastasia NOVYKH The original of this book, as well as other books ...",https://books.allatra.org/books/getfile/doc/2/en
[DOC] The Satanic Bible By Anton Szandor LaVey - Sabazios Institute.,http://www.sabaziosinstitute.com/files/SatanicBible.doc
