[PPT] Cross Cultural Communications - Education,https://professoralsaad.weebly.com/uploads/1/0/5/0/1050924/ccc_-_c_9.ppt
[PPT] 2. diachronic approach to polysemy,https://ciu.nstu.ru/kaf/persons/1570/a/file_get/137550%3Fnomenu%3D1
[PPT] Semantic structure of a polysemantic word,https://ciu.nstu.ru/kaf/persons/1570/a/file_get/214273%253Fnomenu%253D1
[PPT] Anna A. Zalizniak A Catalogue of Semantic Shifts as a Database for ...,https://ling.hse.ru/data/2017/09/15/1173122115/TypSchoolDokladZalizniak_Bulakh_.ppt
[PPT] PowerPoint Presentation - Moorpark College,http://sunny.moorparkcollege.edu/~jbaker/classes/lingfiles/lectures/Lecture%25206%2520-%2520The%2520Development%2520of%2520Structuralism%2520-%2520Spring%25202020.ppt
[PPT] Grammatical Noriegas - University College London,https://www.ucl.ac.uk/english-usage/staff/sean/resources/vexedchoice.ppt
[PPT] FUNDAMENTALS OF LEXICOLOGY,http://www.vvsu.ru/files/5ECC7B51-AE88-430E-B92E-8F0A96EA52A2
[PPT] Homonyms,http://www.vvsu.ru/files/C4305140-8097-463A-BEF7-C062DBC6DE02.ppt
[PPT] Summary and Discussion: - Rice University,http://www.ruf.rice.edu/~lingsymp/Bowern_discussion.ppt
[PPT] Portable Unobtrusive garbage collection for multiprocessor systems,http://www.cs.tau.ac.il/~msagiv/courses/mm/doligez.ppt
[PPT] 07 Input Output - York College - CUNY,http://york.cuny.edu/Members/jtamenyo/conscious-robots-4.ppt
[PPT] PowerPoint Presentation - Stanford NLP Group,https://nlp.stanford.edu/~manning/courses/ling236/handouts/Zaenen-Rosenbach.ppt
[PPT] Modern English Lexicology investigates,https://www.cag.edu.tr/d/l/37a0d3c8-d1b4-4f0a-ba22-e8a0b28a3da9
[PPT] Bounded Model-Checking,http://gauss.ececs.uc.edu/Courses/c626/notes/bmc.ppt
[PPT] The Specious Present,https://ses.library.usyd.edu.au/bitstream/handle/2123/1077/Dainton.ppt%3Fsequence%3D2%26isAllowed%3Dy
[PPT] Bounded Model-Checking,https://ie.technion.ac.il/~ofers/presentations/bmc_cmu.ppt
[PPT] VTA-NAc synapse - Jacqueline Anne Sullivan,https://jacquelineannesullivan.com/wp-content/uploads/2018/03/kincaidsullivan.ppt
[PPT] Lexical ambiguity is handled as part of - Lancaster University,https://www.lancaster.ac.uk/fass/projects/corpus/UCCTS2010Proceedings/presentations/Salhi.ppt
[PPT] PowerPoint Presentation,https://course.gtcfla.edu.cn/suite/portal/res%3Fkey%3D141417800%26download%3Dtrue
[PPT] PowerPoint Presentation - Richard ('Dick') Hudson,http://dickhudson.com/wp-content/uploads/2013/07/2011hss.ppt
[PPT] Polarimetric Bistatic X-Band Measurement Facility and its Applications,http://elib.dlr.de/22114/1/boerner_kleinheubach2002_poster.ppt
[PPT] segmentation - ResearchGate,https://www.researchgate.net/profile/Andrew-Knyazev/publication/343523238_MULTIGRID_EIGENSOLVERS_FOR_IMAGE_SEGMENTATION/links/5f2e0a0b458515b7290d3b16/MULTIGRID-EIGENSOLVERS-FOR-IMAGE-SEGMENTATION
[PPT] English Lexicology in the 21st Century,http://course.qqhru.edu.cn/meol/analytics/resPdfShow.do%3Bjsessionid%3D3C4F2C8793D6A212B5A6274A6CAC6C71%3FresId%3D1170036%26lid%3D53083
[PPT] PowerPoint Template,https://uomustansiriyah.edu.iq/media/lectures/8/8_2018_01_19!01_16_06_PM.ppt
[PPT] Slide 1 - SigPort,https://sigport.org/sites/default/files/camready-1031.ppt
[PPT] Writing up Qualitative Research - NCRM EPrints Repository,https://eprints.ncrm.ac.uk/id/eprint/3531/1/JHollandMethFest_PP_190614.ppt
[PPT] Multicultural Networks,https://digilander.libero.it/gmontaletti/multicultural_network.ppt
[PPT] Consciousness without self (?) - asomatognosia - filozofia.pl,http://www.filozofia.pl/old/zf06/prezentacje/rauksztulewicz.ppt
[PPT] Слайд 1,http://iling-ran.ru/kibrik/talks/Morph_complexity%40Leipzig_2012.ppt
[PPT] Language Change - Personal.psu.edu,http://www.personal.psu.edu/ezs109/Day26_LanguageChange_1_.ppt
[PPT] “Exploring the Conceptual Pathways of Russian Aspect”,http://ansatte.uit.no/laura.janda/UNC%2520H/Exploring%2520the%2520Conceptual%2520Pathways%2520of%2520Russian%2520Aspect.ppt
[PPT] ماشينهاي خاك ورزي خاص,http://profsite.um.ac.ir/~abaspour/farm%2520machinery/93%2520especial%2520tools.ppt
[PPT] From Lexical to Dependent: the case of the Greek ... - Ulster University,https://www.ulster.ac.uk/__data/assets/powerpoint_doc/0004/344506/ICGL_2017_final.ppt
[PPT] Chinese and Western Philosophy: An Introduction,http://philosophy.hku.hk/courses/pn/200708/phil2420/Tung_Chung-shu.ppt
[PPT] new media discourse in the postmodern age,https://bib.irb.hr/datoteka/472024.New_media_and_discourse_-_Dbk_-ITN2010.ppt
[PPT] Diapositiva 1 - Facoltà di Scienze Politiche - Catania,http://www.archiviofscpo.unict.it/270/Didattica_270/Sociologia_LM_88/Cortese%25202013-14%2520Strategia%2520EU%2520occupazione%2520e%2520Flexicurity%25202.ppt
[PPT] Theology and Religious Studies in Higher Education - AULRE,http://aulre.org/heaprsarchive/sec5_resources_theology/33_kim.ppt
[PPT] Instruction and Second Language Acquisition - Uni-DUE,https://www.uni-due.de/ELE/First%2520and%2520second%2520language%2520acquisition%2520-%25202.ppt
[PPT] SOURCES AND METHODS OF THE VIETNAM SYSTEM OF ...,http://ciem.org.vn/Portals/1/CIEM/TinTuc/2013/05/04/Dau_tuNguyen_Dang_Binh.ppt
[PPT] Processi spontanei - Insubria,http://scienze-como.uninsubria.it/bressanini/thermo/10_Gibbs/gibbs-extra.ppt
[PPT] Slide 1 - KFUPM,https://faculty.kfupm.edu.sa/COE/mayez/robotics/icps-long.ppt
[PPT] Stages of Interlanguage Development - PDFCOFFEE.COM,https://pdfcoffee.com/download/interlanguage-in-sla-pdf-free.html
[PPT] Thematic Study on National Identity and the Media (WP4) - GeMIC,https://gemic-eu.panteion.gr/wp-content/uploads/2008/04/thematic-study-on-national-identity.ppt
[PPT] THE MODEL RESEARCH OF COOPERATIVE INTERACTIONS OF ...,http://cml2010.narod.ru/Belousov_Galinskay.ppt
[PPT] PowerPoint Presentation - Dominic Smith,https://www.domsmith.co.uk/studies/mphil/ss_pres2.ppt
[PPT] Trompenaars - XIMB,http://nts2.ximb.ac.in/users/fac/bppatra/bppatro.nsf/dd5cab6801f1723585256474005327c8/317d3bb0b28da23d65257c2200576598/%24FILE/Trompenaars_cultural_dimensions.ppt
[PPT] Flexicurity - Dirittolavoro.com,https://www.dirittolavoro.com/contributi/flexicurity_slides.ppt
[PPT] Theme: The Grammatical structure of the English language,http://reja.tdpu.uz/shaxsiyreja/views/openlesson/download.php/%3Fid%3D6634
[PPT] 親也。 易經與管理–同人卦 - CI Keys,http://minderchen.cikeys.com/slides/I-ChingNewManagement-Hexagram13-Fellowship.ppt
[PPT] MIGRACIONES - De Artes y Pasiones,http://www.deartesypasiones.com.ar/03/doctrans/2020.PAC3-1.pps
