[DOC] Past Manual - CRAFCO,https://crafco.com/past-manuals/Mini%2520Melter%2520Manual/57708%2520-%2520Material%2520Handler%2520Instructions.docx
[DOC] Assignment 10 - University of Iowa Electronic Music Studios,http://theremin.music.uiowa.edu/EMS.Files/Handouts/2011/S.2011/EMS.S2011.EnvelopesinMAX.docx
"[DOC] Rev: July 25, 2018 SLCI19004 SALT LAKE CITY CORPORATION ...",https://www.bidnet.com/bneattachments%3F/524647711.docx
[DOC] Pothole Patcher - MS.GOV,https://srm.magic.ms.gov/SAP/EBP/DOCSERVER%3FPHIOGET%26KPID%3D0200060000111EE5AAB036C03F987BBB%26KPCLASS%3DBBP_P_DOC%26SAP-CLIENT%3D100/295%252D20151222160131.DOCX
[DOC] VILLAGE OF ROSCOE PUBLIC WORKS DEPARTMENT FULL TIME ...,https://www.villageofroscoe.com/wp-content/uploads/2019/11/Full-Time-Maintencance-Worker-Public-Works.docx
[DOC] 9 Tips to Make Music in FL Studio Know Navigation Keyboard ...,https://theproaudiofiles.com/wp-content/uploads/2021/03/9-Tips-to-Make-Music-in-FL-Studio.docx
[DOC] Resolution - Jefferson Parish,http://jp-appserver.jeffparish.net/AGENDA/02112015/agenda2112015/3qk602!.docx
[DOC] Conservation planning under uncertainty in urban development and ...,https://journals.plos.org/plosone/article/file%3Ftype%3Dsupplementary%26id%3Dinfo:doi/10.1371/journal.pone.0195429.s007
[DOC] GEM COUNTY ROAD & BRIDGE DEPARTMENT JOB TITLE: OLA ...,https://www.gemcounty.org/human_resources/employment_opportunities/2021%2520Ola%2520Operator%2520%2520Truck%2520Drv.docx
[DOC] 4/17/2018 - IN.gov,https://www.in.gov/towns/new-whiteland/files/4-17-18.docx
[DOC] MEETING CALLED TO ORDER/MUNICIPAL CLERK CAROL RAPH,https://www.gtnj.org/index.php/i-want-to/find-a-form-or-document/council/2017/148-5-23-17-meeting-agenda/file
[DOC] Agenda Item 19 (07.09.2020).docx - Milton (Abingdon) Parish Council,https://www.milton-pc.gov.uk/uploads/agenda-item-19-(07092020).docx
[DOC] 5/01/2018 - IN.gov,https://www.in.gov/towns/new-whiteland/files/5-1-18.docx
[DOC] Minutes - City of Albion,https://www.cityofalbionmi.gov/document_center/BoardsCommissions/3-14-17%2520Planning%2520Commission%2520Joint%2520Study%2520Session%2520with%2520Council%2520Minutes.docx
[DOC] REPORT TO PARISH COUNCILS MAY 2018 FROM CLLR ...,https://www.dorchester-on-thames.co.uk/wp-content/uploads/2018/05/County-Council-Report-May-2018.docx
[DOC] WARNING THIS CONNECTS BACK TO THE SOFMEN.COM SCAM ...,https://www.docdroid.net/file/download/ePdkR51/george-m-patcher-sofmen-brand-g-scam-netowrk.docx
"[DOC] Board of Works & Safety 2020 - City of Bedford, Indiana",http://www.bedford.in.us/Docs/MeetingMinutes/BoardOfWorks/Board%2520of%2520Works%2520Minutes%2520-%252007-20-2020.docx
[DOC] 36C24718Q0523-00002001.docx - VA Vendor Portal,https://www.vendorportal.ecms.va.gov/FBODocumentServer/DocumentServer.aspx%3FDocumentId%3D4306789%26FileName%3D36C24718Q0523-00002001.docx
[DOC] August 2020 Meeting Minutes - Township Officials of Illinois,https://www.toi.org/Resources/e31b8233-2467-4060-9219-d042869224d8/August%25202020%2520Meeting%2520Minutes.docx
