Bản sao của Chay.Di.Roi.Tinh.2016 EncB 9.mkv.MP4 - XNXX,https://xnxxpro.net/video-j7afx71/ban_sao_cua_chay.di.roi.tinh.2016_encb_9.mkv
Bugs and sources: Browsing repository - RISC OS Open,https://www.riscosopen.org/tracker/repository/browse/rool/www/static/trunk/objects/risc_os_open/building.mkv
duo dvd.mkv online ke zhlédnutí a stažení| FastShare.cz,http://www.fastshare.cz/12422048/duo-dvd.mkv
Download [K.Zone].Lets.Eat.S2.E01.HD.KITESVN.COM ... - 4share,https://4share.vn/f/6751565152575251/%5BK.Zone%5D.Lets.Eat.S2.E01.HD.KITESVN.COM.mkv
Street Fighting _ Đánh giá chi tiết & khuyến mãi khủng,https://www.acetorrentz.com/torrents/search/Playmobil.The.Movie.2019.FRENCH.720p.BluRay.DTS.x264-EXTREME.mkv%3FstrLangue%3Den
