DRESS.MOV | HotDiggedyDemon Wiki - Fandom,https://hotdiggedydemon.fandom.com/wiki/DRESS.MOV%3Fli_source%3DLI%26li_medium%3Dwikia-rail
DRESS.MOV - PONY.MOV Wiki - Fandom,https://ponymov.fandom.com/wiki/DRESS.MOV%3Fli_source%3DLI%26li_medium%3Dwikia-rail
