SAGE Books - Interpersonal Communication in Older Adulthood,https://sk.sagepub.com/books/interpersonal-communication-in-older-adulthood/n7.xml
Communicating Prejudice - SAGE Books,https://sk.sagepub.com/books/communicating-prejudice/n8.xml
Shock Horror: The CDF are Actually Defending Us?! - Planet Calypso,https://www.planetcalypso.com/news/pages/2016/03/15/2614/index.xml%3F
Chapter 5 Galen's Περὶ Ἀλυπίας as Philosophical Therapy - Brill,https://brill.com/view/book/edcoll/9789004383302/BP000013.xml
For much of its early history as an independent state Kuwait could ...,https://brill.com/downloadpdf/book/edcoll/9789004423817/BP000038.xml
Anti-racism and disavowed racism - manchester hive,https://www.manchesterhive.com/downloadpdf/9781526116604/9781526116604.00009.xml
The saints of the entrails and the bowels of the earth - ManchesterHive,https://www.manchesterhive.com/downloadpdf/9781526127068/9781526127068.00026.xml
https://dictionary.cambridge.org/ru/thesaurus/ monthly 0.5 https ...,https://dictionary.cambridge.org/ru/sitemap/thesaurus/words/sitemap1.xml
https://dictionary.cambridge.org/fr/thesaurus/ monthly 0.5 https ...,https://dictionary.cambridge.org/fr/sitemap/thesaurus/words/sitemap1.xml
