[DOC] CEL Syllabus Design Guide - UTEP,https://www.utep.edu/liberalarts/political-science/people/professors/CEL%2520Syllabus%2520Design%2520Guide.docx
[DOC] CEL Application Fall 2021 - Christian Engineering Leaders,http://celtamu.com/s/CEL-Application-Fall-2021.docx
[DOC] CEL/14/1 Prov. - WIPO,https://www.wipo.int/edocs/mdocs/classifications/en/cel_14/cel_14_1_prov.docx
[DOC] CEL/15/2 ann.II - WIPO,https://www.wipo.int/edocs/mdocs/classifications/en/cel_15/cel_15_2-annex2.docx
[DOC] PHS CEL - NIH Office of Technology Transfer,https://www.ott.nih.gov/sites/default/files/documents/docs/NIH-Commercial-Evaluation-License-model-102015.docx
[DOC] CEL Facilitator's Guide - My Catholic School,https://mycatholicschool.org/wp-content/uploads/2018/08/Facilitators-Guide-CEL-5D-Session-1-4-Aug-Oct.docx
[DOC] CEL-Council-Meeting-Minutes-Apr-1-2020.docx - TCNJ Governance,https://governance.tcnj.edu/wp-content/uploads/sites/147/2020/08/CEL-Council-Meeting-Minutes-Apr-1-2020.docx
[DOC] CEL Annex for ALKS new regulation Industry draft proposal,https://wiki.unece.org/download/attachments/80380924/ACSF-23-04%2520%2528Industry%2529%2520CEL%2520Annex%2520for%2520ALKS%2520-%2520industry%2520proposal.docx%3Fapi%3Dv2
[DOC] Employment Agreement - Clough,https://www.cloughgroup.com/wp-content/uploads/2021/08/Template-CEL-Employment-Agreement-Casual-Employee.docx
[DOC] HARPAG Scenario #2 - University of Rochester Medical Center,https://www.urmc.rochester.edu/MediaLibraries/URMCMedia/institute-innovative-education/images/simulation-slider/CEL-Simulation-Guide-Blank.docx
[DOC] INTRODUCING OUR HEALTH UNCOVERED PODCASTS With Cel ...,https://www.makingeverycontactcount.co.uk/media/21883/health-uncovered-podcasts.docx
[DOC] https://www.njcu.edu/doc/21-2022-cel-members,https://www.njcu.edu/doc/21-2022-cel-members
[DOC] Vaccinations RecordsRequirements During CEL Training 2018.docx,https://rsc.usace.army.mil/sites/default/files/Vaccinations%2520RecordsRequirements%2520During%2520CEL%2520Training%25202018.docx
[DOC] Mandatory Student Forms - College of Extended Learning,https://cel.sfsu.edu/sites/default/files/documents/facultyleader/student-evaluation.docx
[DOC] 'The Hunger Games' CEL,https://hungergames4b3.files.wordpress.com/2012/10/the-hunger-games-essay-plan-4b3-2.docx
[DOC] Telstra Go Repeater – Terms and Conditions,https://www.telstra.com.au/content/dam/tcom/personal/consumer-advice/doc/business-b/go-repeater.docx
[DOC] Word Template Generic CEL,https://www.dfat.gov.au/sites/default/files/solomon-islands-education-sector-support-program-2019-2023-design-document.docx
[DOC] Animation - Drawn and cel animation.docx,https://www.asp.wroc.pl/sites/default/files/documents/Animation%2520-%2520Drawn%2520and%2520cel%2520animation.docx
[DOC] Uniform Policy ONLY – CEL Edge-Apex 2021 - Selection Partners,https://selectionpartners.net/wp-content/uploads/2022/04/Uniform-Policy-ONLY-CEL-Edge-Apex-2021-.docx
[DOC] Handout 1: Case Study of a Service-Learning Course,http://bonner.pbworks.com/w/file/fetch/135609768/7%2520Bonner%2520CEL%2520Curriculum%2520Critical%2520Perspectives.docx
