Shuttle OK'd for launch despite foam problems - Toledo Blade,https://www.toledoblade.com/frontpage/2006/07/03/Shuttle-OK-d-for-launch-despite-foam-problems/stories/feed/feed/index.rss
Port member calls for soil study by plant | The Blade,https://www.toledoblade.com/local/2014/11/21/Port-member-calls-for-soil-study-by-plant/stories/feed/index.rss
Obama on Iran and Syria: See No Evil | Council on Foreign Relations,https://www.businessinsider.com/obama-is-denying-the-undeniable-2015-6/comments.rss
2021 Czech Census concerns persons living abroad with registered ...,https://www.mzv.cz/chicago/en/consular_information/x2021_census_in_the_czech_republic.rss%3Fforce_format%3Dmobile
Sports - WSB-TV Channel 2 - Atlanta,https://www.wsbtv.com/sports/topstory.rss
Agri-Pulse Daily Voice,https://www.agri-pulse.com/media/podcasts/76-agri-pulse-daily-voice.rss
Westside Fairytales: Horror and Dark Fiction Stories - Spreaker,https://audioboom.com/channels/4972150.rss
Milwaukee Brewers Microbrew - Audioboom,https://audioboom.com/channels/4904769.rss
