[PPT] Presentazione di PowerPoint - Spark (e-learning),https://spark.liceodesio.edu.it/mod/resource/view.php%3Fid%3D4911
[PPT] Histoire du THEÂTRE,http://ekladata.com/960anrlzL9sYAQjnYnH_28g4Vsc/Histoire-du-THEATRE.pptx
