B5EB8419-2543-4C61-B1CD-3D5DEDDAF891.MOV,https://www.xv-videos1.com/video34614739/b5eb8419-2543-4c61-b1cd-3d5deddaf891.mov%3Fpl%3D63264489%26plname%3D_
trim.B1C2491A-5641-4E7A-BDBF-0CB85210A068.MOV 9 min,https://danhchotre.com/video24606947/trim.b1c2491a-5641-4e7a-bdbf-0cb85210a068.mov%3Fpl%3D44007315%26plname%3Dfarts
