acclaims.xml - Sony Pictures Classics,http://sonyclassics.com/insidejob/_xml/acclaims.xml
Untitled,https://www.abc.net.au/xmlcontent/tv/guide/xmlengine/brands/stunt-love/data.xml
Chic and Noodles - | Ohio State University Libraries,https://library.osu.edu/finding-aids/ead/CGA/SPEC.CGA.MAC.xml
News Story | Page 338 | FYIMusicNews,https://www.fyimusicnews.ca/taxonomy/term/2/rss.xml%3Fpage%3D337
Peter Dawson - IMPERIALISM AND MUSIC - manchester hive,https://www.manchesterhive.com/downloadpdf/9781526121370/9781526121370.00021.xml
OXMONOLING-ENTRY-5.xml - Oxford Reference,https://www.oxfordreference.com/archive/ORO/2011/01/OXMONOLING-ENTRY-5.xml
SYP The Squid's Fist Sangiovese Shiraz 2018 | Shop For Wine | Buy ...,https://shopforwine.net.au/product/details/2018-syp-the-squid-s-fist-sangiovese-shiraz.xml
person01.xml - Indiana University Bloomington,http://www.dlib.indiana.edu/projects/vfrbr/data/1.1/person01.xml
biblio-books-sitemap-a-52.xml,https://www.biblio.com/site-maps/biblio-books-sitemap-a-52.xml
sitemap.xml - Molly Kyhl,http://mollykyhl.com/sitemap.xml
"Vat 59. May 18-June 1, 1959 - New Zealand Electronic Text Collection",http://nzetc.victoria.ac.nz/tei-source/Carn1959.xml
A Pattern of Islands - New Zealand Electronic Text Collection,http://nzetc.victoria.ac.nz/tei-source/GriPatt.xml
sitemap.xml,https://iloveyoubutyouregoingtohell.org/sitemap.xml
atom.xml - Forgotten Classics,http://hcforgottenclassics.blogspot.com/atom.xml
bated elytrorrhaphy actinopterous syzygy - And then it crashed,https://blog.etianen.com/downloads/code/python-xml/books.xml
Untitled,https://x-n-x-x.pro/vi/sitemap.xml%3Ftype%3Dvideos%26page%3D32
Untitled,http://www.phpeasycode.com/sitemap/sitemapm3.xml
sitemap-articles-day~2011-04-29.xml - Daily Mail,https://www.dailymail.co.uk/sitemap-articles-day~2011-04-29.xml
sitemap.xml - KC Confidential,http://www.kcconfidential.com/sitemap.xml
couk-books-sitemap129.xml,http://forsale.rarebookhub.com/site-maps/couk-books-sitemap129.xml
sitemap.xml,https://www.adulttube.xxx/sitemap.xml%3Ftype%3Dvideos%26from_links_videos%3D6
sitemap.xml - 3Movs,https://www.3movs.com/sitemap.xml%3Ftype%3Dvideos%26from_links_videos%3D49
Untitled,https://files.stv.tv/player/subtitles/the-larkins-20211031-2000.subs.xml
szotabla_am_szo.xml,http://www.virtualismelleklet.hu/anyagok/jatek/nyelvtudor/data/szotabla_am_szo.xml
Untitled,https://xxxo5.com/sitemap.xml%3Ftype%3Dvideos%26page%3D24
Untitled,https://amateurteen18.com/sitemap.xml%3Ftype%3Dvideos%26page%3D60
