[PPT] What to Expect… When the World is Ending - Oakwood Church,http://www.oakwoodfl.org/site/wp-content/uploads/2019/12/The-Glorious-Return-of-Christ.pptx
[PPT] Systematic Theology: An Introduction to Bible Doctrine - Clover Sites,http://storage.cloversites.com/christianlifecollege/documents/ST%2520-%2520PowerPoint%2520Slides%2520(Chapter%252055)_2.pptx
[PPT] The World Is About to End The Impact of this Apocalyptic Belief on ...,https://olli.gmu.edu/docstore/600docs/1503-605-Class%25201%2520-%2520Origins.pptx
[PPT] 2 nd Coming – Pre-millennialism The Lord's Return - New Creation ...,http://www.newcreationstudies.org/Powerpoints/NewCreation/SecondComing-Part03.pptx
[PPT] PowerPoint Presentation,https://www.csmedia1.com/greenhillbc.org/a-glorious-homecoming.pptx
[PPT] H E R M E N E U T I C S,https://www.csmedia1.com/sovgracepasadena.org/how_to_trust_the_bible_week-7.pptx
[PPT] Study of the Future - Bible.org,https://bible.org/assets/powerpoint/Davis_CoreFaith_10.pptx
[PPT] CHURCH HISTORY AS FAMILY HISTORY - Memorial Church of Christ,https://www.churchofchristatmemorial.com/media/uploads/articles/2020/06/lV._Ancient_Restoration_American_Movement.pptx
