[PPT] STEM CELLS - Liceo Lucio Piccolo,https://www.liceoluciopiccolo.edu.it/erasmus/02semestre2016-2017/A5-Stem-Cells.ppsx
[PPT] Diapositiva 1 - BeeBIT,https://www.beebit.de/presentations/How_to_control_varroa_ticks_in_a_BeeBIT_eHive.pptx
[PPT] Zebrafish As A Promising Model To Evaluate The Efficacy Of ...,https://www.researchgate.net/profile/Inaki_Iturria/publication/279843303_Zebrafish_as_a_promising_model_to_evaluate_the_efficacy_of_probiotics/links/559b968608ae5d8f3938275c/Zebrafish-as-a-promising-model-to-evaluate-the-efficacy-of-probiotics
[PPT] Breeding of mahseers,http://ecoursesonline.iasri.res.in/pluginfile.php/84039/mod_resource/content/1/7%2520-%2520Breeding%2520of%2520Mahseers.ppt
[PPT] Bipartite Placenta,http://www.dmuresource.edu.et/admin/home/Dmu%2520Academic%2520Resource//Health%2520Science/nursing/3rd%2520year/N%252Cpregnancy.pptx
[PPT] Diapozitivul 1 - usmf.md,https://anatomiaomului.usmf.md/wp-content/blogs.dir/164/files/sites/164/2015/02/Genetic-apparatus.pptx
[PPT] Temporal Issues in BFO2OWL,https://user.medunigraz.at/stefan.schulz/presentations/2013_Temporally_Qualified_Continuants.pptx
