Tous les films | Page 3 | Shellac,https://shellacfilms.com/films/459.Mkv%3Fpage%3D2
Hannibal - S01E06 - Vstup (Entrée).mkv online ke zhlédnutí a stažení,https://www.sdilej.cz/21362486/hannibal-s01e06-vstup-entree-.mkv
Hannibal - S01E04 - Vejce (Oeuf).mkv online ke zhlédnutí a stažení,https://www.sdilej.cz/21362475/hannibal-s01e04-vejce-oeuf-.mkv
Upload Files - NitroFlare,https://nitroflare.com/view/D12D39D37E3B9BE/Entree_des_artistes_1938.mkv
Jeff Lenosky's Greatest Hits(1).mkv - Freeride - biebronkak ...,"http://chomikuj.pl/biebronkak/Freeride/Jeff%2BLenosky*27s%2BGreatest%2BHits(1),1440191147.mkv"
Okean Elzi Vstavai.mkv - Okean Elzy - Teledyski - Fireghost888 ...,"http://chomikuj.pl/Fireghost888/Ukrai*c5*84skie%2BTeledyski%2Bi%2BKoncerty/Teledyski/Okean%2BElzy/Okean%2BElzi%2B-%2BVstavai,1317041581.mkv"
