[PDF] The valuation of unquoted shares: a European test exercise - OECD,https://www.oecd.org/sdd/na/34667026.pdf
[PDF] CAT – Part 21 - Valuation of Unquoted Shares - Revenue,https://www.revenue.ie/en/tax-professionals/tdm/capital-acquisitions-tax/cat-part21.pdf
"[PDF] Notification of Issue, Conversion or Payment up of Unquoted Equity ...",https://www.tweglobal.com/-/media/Files/Global/ASX-Announcements/2022/Notification-of-Issue-Conversion-or-Payment-up-of-Unquoted-Equity-Securities-14-April-2022.ashx
[PDF] Education - IFRS 13 Fair Value Measurement,https://www.ifrs.org/content/dam/ifrs/supporting-implementation/ifrs-13/education-ifrs-13-eng.pdf
[PDF] Revised valuation of unquoted shares and other equity in ... - | nbb.be,https://www.nbb.be/doc/dq/e_method/m_sem0810.pdf
"[PDF] Appendix 3G Notification of issue, conversion or payment up ... - ASX",https://www2.asx.com.au/content/dam/asx/documents/unlinked-docs/compliance/annexure-j-appendix-3g.pdf
[PDF] Unquoted Share Questionnaire - James Hay Partnership,https://www.jameshay.co.uk/media/4356/unquoted-share-questionnaire.pdf
1984] hay and morris: unquoted companies 993 - jstor,https://www.jstor.org/stable/2232330
[PDF] Bitdefender Total Security 2017 Unquoted Service Path Vulnerability,https://secur1tyadvisory.files.wordpress.com/2017/09/bitdefender-total-security-2017-unquoted-service-path-vulnerability_sachin_waghtiger_tigerboy.pdf
Performance contrasts between family and non-family unquoted ...,https://www.emeraldinsight.com/doi/pdfplus/10.1108/13552559710170892
[PDF] Estate Duty Office Guidelines for Valuation of Unquoted Shares,https://www.ird.gov.hk/eng/pdf/guide_vus.pdf
Factors Associated with the Employment of Non-Executive Directors ...,http://link.springer.com/content/pdf/10.1023/A:1009978912278.pdf
[PDF] UNQUOTED SECURITIES PLATFORM IBUKA PROGRAM,https://www.nse.co.ke/wp-content/uploads/Unquoted-Securities-Platform-Ibuka-Weekly-Summary_25-02-2022.pdf
"[PDF] Notification of Issue, Conversion or Payment up of Unquoted Equity ...",https://shareholders.domain.com.au/DownloadFile.axd%3Ffile%3D/Report/ComNews/20220426/02513563.pdf
[PDF] CANCELLATION OF UNQUOTED SECURITIES - Webflow,https://uploads-ssl.webflow.com/625624dea6f87c59c23b175d/6272826749f608a6aec39e36_201124_cancellationofunlistedoptionsmmlam.pdf
[PDF] Unquoted Path Vulnerability (SMB Login) with Kiwi CatTools (CVE ...,https://www.solarwinds.com/-/media/solarwinds/swdcv2/landing-pages/trust-center/security-vulnerability/solarwinds-trust-center-security-advisories-_-cve-2021-35230.ashx%3Frev%3Db4acface12474f62ac20821d71517586
[PDF] Appendix 3G - Notification of Issue of Unquoted Equity Securities,https://www.strakertranslations.com/wp-content/uploads/2021/08/Appendix-3G-Notification-of-Issue-of-Unquoted-Equity-Securities-.pdf
[PDF] The Biotech Growth Trust PLC Information as at 30 June 2022,https://www.biotechgt.com/download_file/force/226/1
[PDF] Appendix 3Y - Triangle Energy,https://triangleenergy.com.au/wp-content/uploads/2022/07/2405128-Change-of-Directors-Interest-Notice-GH-CT-MC.pdf
[PDF] CLZ | ABN 77 119 484 016 contact@classicminerals.,https://www.classicminerals.com.au/downloads/announcements/clz_2022072101.pdf
