[PPT] Furrow Irrigation,http://abe-research.illinois.edu/courses/tsm352/lectures/Student_Presentations/Furrow%2520Irrigation_352.pptx
[PPT] How Conventional Furrow Irrigation Works Gated Pipe Water is ...,https://cropwatch.unl.edu/Youth/Irrigation-Water-Management-Curricula/Conventional%2520Furrow%2520Irrigation_1.pptx
"[PPT] A wide, shallow furrow on a clay soil Stream size - PowerPoint Sunusu",https://avys.omu.edu.tr/storage/app/public/ersint/109979/5.hafta.pptx
[PPT] influence of within-row variability in plant spacing on corn grain yield,https://www.uky.edu/Ag/wheatvarietytest/SCC-33/2012%2520BOWMAN-EFFECT%2520OF%2520PLANT%2520SPACING%2520ON%2520CORN%2520GRAIN%2520YIELD.pptx
[PPT] Esophageal Disorders,http://med.unr.edu/Documents/unsom/statewide/echo/clinics/gi/esophageal%2520disorder%2520presentation%2520-%25203-10-16(0).pptx
[PPT] Furrows in the Desert Agricultural development project North ...,http://www.aravard.org.il/wp-content/uploads/2014/08/FID-tau.ppsx
[PPT] Soil erosion in the humid Ethiopian highlands,"https://environment.fiu.edu/events/all/2020-international-conference-on-the-nile-and-grand-ethiopian-renaissance-dam/_assets/demesew-mhiret---int-con-on-gerd-aug-20-21,2020-1.pptx-demesew-1.pptx"
[PPT] Cleavage,http://www.du.edu.eg/upFilesCenter/sci/1585235544.pptx
[PPT] Why do we use ppm instead of pounds per acre in soil test reports,https://bwsr.state.mn.us/sites/default/files/2019-12/BWSR_NRCS%2520Soil%2520Tests%25202019_0.pptx
[PPT] Hydrus 2D,https://storm.fsv.cvut.cz/data/files/143ESP_Hydrus_2D_2.pptx
[PPT] Common Characteristics of Fingerprints,https://www.henry.k12.va.us/cms/lib/VA01000023/Centricity/Domain/421/Common%2520Characteristics%2520of%2520Fingerprints%2520PPT.pptx
[PPT] Cold CO 2 jets create new spiders today - HiRISE,https://www.uahirise.org/epo/nuggets/cold-co2-jets.pptx
[PPT] The Morphometric Ontogeny of the Trilobite Calyptaulax - MSU Texas,https://msutexas.edu/ugrow/_assets/files/the-morphometric-ontogeny--of-the-trilobite-calyptaulax.ppsx
[PPT] Slide 1 - Seismic Consolidation,https://seismicconsolidation.com/wp-content/uploads/2020/02/Lecture-10-11-12-Irrigation-methodSprinking-System.pptx
[PPT] Water and nutrient managements - SU LMS,https://lms.su.edu.pk/download%3Ffilename%3D1588745536-lecture-5-water-and-nutrient-managements.pptx%26lesson%3D27981
[PPT] Siphon Irrigation Training - Cotton Australia,https://cottonaustralia.com.au/assets/general/Training/Siphon_Irrigation_Training_presentation.pptx
[PPT] Thank You,https://journals.lww.com/ajg/Fulltext/2017/10001/_Stuck_on_you____A_Familial_Tale_of_Eosinophilic.1715.aspx%3FPpt%3DArticle%257Cajg:2017:10001:01715%257C%257C
[PPT] During interphase a cell performs all of its regular functions and gets ...,http://www.peoriapublicschools.org/cms/lib2/IL01001530/Centricity/Domain/462/2.5%2520Cell%2520Division%2520modified.pptx
[PPT] Module IV: Field Preparation,http://people.umass.edu/jmeagy/Chili-Module%2520IV-Field%2520preparation.pptx
[PPT] Dermoscopy - STFM Connect,https://connect.stfm.org/HigherLogic/System/DownloadDocumentFile.ashx%3FDocumentFileKey%3De20c4cab-3e3b-400c-beae-4cd1f2380e21
[PPT] Drought Mitigation Measures 1.B) Contingency Crop Planning,http://agricoop.nic.in/sites/default/files/MH.pptx
[PPT] Angiosperms,https://wnmu.edu/academic/nspages/gilaflora/ANA%2520Grade.pptx
[PPT] FY 2015 Awarded Conservation Innovation Grants,https://www.nrcs.usda.gov/wps/PA_NRCSConsumption/download%3Fcid%3Dnrcseprd413950%26ext%3Dpptx
[PPT] PowerPoint-bemutató,https://presentations.copernicus.org/EGU2020/EGU2020-18588_presentation.pptx
[PPT] Kingdom of Lesotho Presentation made by - WOCAT,https://www.wocat.net/documents/569/DS-SLM_Lesotho.pptx
[PPT] Examples of BMPs for Irrigated Agriculture,https://gaftp.epa.gov/region10/columbiariver/TRWG/Meetings/2011August/Grice_ECY_DDT_PCB.pptx
[PPT] PowerPoint Presentation - nue.okstate.edu,https://nue.okstate.edu/Conferences/Idaho_2016/FUSN%2520-%2520NEC%2520Boise%25202016.pptx
[PPT] Church sermon or talk PowerPoint - Toilet Twinning,https://www.toilettwinning.org/resource/bin-twinning-church-sermon-or-talk-powerpoint/
"[PPT] Slide 1 - PGGCG-11, Content Management Portal",http://cms.gcg11.ac.in/attachments/article/62/Presentation%2520SUGARCANE-vishal.pptx
[PPT] Irrigation Techniques and Quality of irrigation iii) Check Flooding,https://avinashojha.gnomio.com/mod/resource/view.php%3Fid%3D61
[PPT] jpis-46-5-통파일,https://www.jpis.org/ViewImage.php%3FType%3DFP%26aid%3D612667%26id%3DF2%26afn%3D1150_JPIS_47_2_116%26fn%3Djpis-47-116-g002_1150JPIS
[PPT] Presentation - Marcel Frehner,http://www.marcelfrehner.ch/resourcen/Frehner_et_al_Presentation_SGM_Lausanne_2013.ppsx
[PPT] V5.0 Water Lesson 3 - Journey 2050,https://www.journey2050.com/wp-content/uploads/2019/08/3-J2050-Lesson-3.pptx
"[PPT] 구기자의 화분발아에 관한 연구 김수동1), 이봉춘1), 윤화모2), 민병훈2 ...",https://cnnongup.chungnam.go.kr/board/B0018.cs%3Fact%3Ddownload%26articleId%3D221659%26fileSn%3D0
[PPT] PowerPoint 프레젠테이션,https://www.eymj.org/ViewImage.php%3FType%3DFP%26aid%3D707644%26id%3DF2%26afn%3D69_YMJ_62_6_487%26fn%3Dymj-62-487-g002_0069YMJ
[PPT] Sodo Catholic Secretariat Venue: Bedessa and Duguno Fungo ...,http://farmertofarmer.crs.org/wp-content/uploads/2017/05/Haldeman-James-ET44-Sodo-Catholic-Secretariat.pptx
[PPT] Poncho 1250 Relative to Untreated Corn,https://www.ces.ncsu.edu/wp-content/uploads/2017/01/Corn-and-sorghum-2017-compressed.pptx
[PPT] https://www.cell.com/current-biology/ppt/S0960-982...,https://www.cell.com/current-biology/ppt/S0960-9822(09)01036-7.ppt
[PPT] mitosis – onion root tip,https://ca01001129.schoolwires.net/cms/lib/CA01001129/Centricity/Domain/893/MITOSIS%2520good.pptx
