sitemap_products_1.xml - The Gingerbread Construction Co.,https://gingerbreadusa.com/sitemap_products_1.xml%3Ffrom%3D1620232634486%26to%3D1970886901878
History of Gingerbread-makers in Český Krumlov,https://www.ckrumlov.info/docs/en/mesto_histor_hicepe.xml
Gingerbread Man - PINES,http://gapines.org/opac/en-US/skin/default/xml/rresult.xml%3Fif%3D%26it%3Da%252Ct%26lf%3D%26a%3Da%252Cb%252Cc%252Cd%252Cj%26la%3D%26ss%3D%257B%2522title%2522%253A%257B%2522term%2522%253A%2522%2520gingerbread%2520man%2522%257D%257D%26d%3D1%26l%3D126%26s%3Drel%26sd%3Dasc%26adt%3Dml%26tp%3D%26t%3D%26rt%3Dmulti%26ol%3D126
ifnkuu9f.xml - Gingerbread House Heaven,http://www.gingerbread-house-heaven.com/ifnkuu9f.xml
android-r10.3.2/default.xml at gingerbread · boundarydevices ...,https://github.com/boundarydevices/android-r10.3.2/blob/gingerbread/default.xml
android/default.xml at gingerbread · Savaged-Zen/android · GitHub,https://github.com/Savaged-Zen/android/blob/gingerbread/default.xml
Untitled,https://edition.cnn.com/video/data/3.0/video/world/2019/12/19/tiny-gingerbread-house-canada-orig-ll.cnn/index.xml
use of sugar beet molasses in processing of - AKJournals,https://akjournals.com/downloadpdf/journals/066/41/4/article-p494.xml
core/res/res/values/styles.xml - platform/frameworks/base - Google Git,https://android.googlesource.com/platform/frameworks/base/%2B/gingerbread-release/core/res/res/values/styles.xml
