[PPT] Arbitrage opportunities in oil markets have disappeared - World Bank,http://www.worldbank.org/content/dam/Worldbank/document/Debt/TKhan%2520Global%2520Economic%2520Prospects.pptx
[PPT] What would happen if the Spanish SDI disappeared? - EC Public Wiki,https://wikis.ec.europa.eu/download/attachments/33527464/13MIG_ES_Economic%2520value.pptx%3Fversion%3D1%26modificationDate%3D1624022397599%26api%3Dv2
[PPT] 10 Natural Wonders to See Before They Disappear,http://www.umsl.edu/~naumannj/Geography%2520PowerPoint%2520Slides/climate%2520%26%2520global%2520warming/10%2520Natural%2520Wonders%2520to%2520See%2520Before%2520They%2520Disappear.pptx
[PPT] Disappearing Cryptography and Incompressible Cryptography,https://iacr.org/submit/files/slides/2022/eurocrypt/eurocrypt2022/185/slides.pptx
[PPT] SWBAT: Develop appropriate and testable hypotheses,https://www.whiteplainspublicschools.org/cms/lib/NY01000029/Centricity/Domain/1438/Developing%2520Hypotheses.pptx
[PPT] The Mystery of MH 370's Disappearance - abn397,https://abn397.files.wordpress.com/2014/12/the-mystery-of-mh-370_s-disappearance.pptx
[PPT] Disappearance of Atypical Gastric Mucosal Bleeding due to Heyde's ...,https://www.karger.com/Article/Powerpoint/522640
[PPT] Disappearance of the Hemorrhagic Component of the Frontal ...,https://www.karger.com/Article/Powerpoint/475532
[PPT] conditional and if-sentences,http://docenti.unimc.it/benjamincharles.pim/teaching/2016/2000004148/files/l/if-clauses-1/at_download/file
[PPT] DROPPED QUOTE Do not ask questions that can be immediately ...,https://www.freeport.k12.pa.us/userfiles/158/Classes/2590//userfiles/158/my%2520files/what%2520not%2520to%2520do%2520ar%2520examples.pptx%3Fid%3D3224
