WAG 07-02-15-a: Trusts Established on or After 08/11/93 - DHS,https://www.dhs.state.il.us/page.aspx/FACT_1WhatIsVR.flv%3Fitem%3D14936
WAG 17-01-02: Processing the Application - IDHS,https://www.dhs.state.il.us/page.aspx/FACT_1WhatIsVR.flv%3Fitem%3D16743
Militants Kill 10 Iranian Soldiers Near Iraqi Border - Radio Free Europe,https://www.orangecountysun.com/news/257712563/oct04v40.flv
Death Of Outspoken Srebrenica Mother Mocked By Top Serbian ...,https://www.swedensun.com/news/257736575/oct04v40.flv
Divide And Rule? Complex Ethnic Problems Dominate Bosnian ...,https://www.northernirelandnews.com/news/258088992/oct04v40.flv
WATCH: Sweet-tooth thief is not your average 'sugar daddy' | News24,https://www.shanghaisun.com/news/257987070/oct04v40.flv
"Russia-Friendly Party, Populists Top Latvian Elections - Radio Free ...",https://www.malaysiasun.com/news/258094343/oct04v56.flv
| justACRO.com,https://justacro.com/news/150318/icare-clip09.flv%3Fpage%3D50
"U.S., UN Condemn Deadly Attack On Iranian Military Parade",https://www.northkoreatimes.com/news/258031539/oct04v56.flv
