[DOC] Positive Affirmations of Recovery,https://codauk.org/wp-content/uploads/2020/10/AFFIRMATION-last-thing-in-meeting.doc
"[DOC] PI-9580-AC, Affirmation of Consultation with Private School Officials",http://dpi.wi.gov/sites/default/files/imce/forms/doc/f9580-ac.doc
[DOC] Affirmation Activity - NC.gov,https://files.nc.gov/ncdps/div/JJ/GenderSpecific/AffirmationActivity.doc
[DOC] OATH OF AFFIRMATION TO SUPPORT THE CONSTITUTION AND ...,https://www.lsuhsc.edu/administration/hrm/docs/oath%2520of%2520affirmation.doc
[DOC] A Affirm Chapter 3 I AM A GOOD STUDENT Study Skills Program By ...,http://coping.us/images/Chapter_3_A-Affirm_I_AM_A_GOOD_STUDENT.doc
[DOC] Form 6A - CT.gov,https://portal.ct.gov/-/media/OPM/Form-6ethicsformaffirmdationfinal91511doc.doc
[DOC] OATHS AND AFFIRMATIONS,http://ujs.sd.gov/uploads/thirdcircuit/OATH.doc
[DOC] Affirmation of Faith - Presbyterian Mission Agency,https://www.presbyterianmission.org/wp-content/uploads/bcr_302_jesus_christ.doc
[DOC] Believe in Your Self! - El Camino College,https://www.elcamino.edu/graduation-initiative/ada/doc/A2.doc
[DOC] Session Resolution: “Three Vital Affirmations” - First Presbyterian ...,http://www.florencefirst.org/docs/denomination/SessionResolutionThreeVitalAffirmations.doc
[DOC] Oath and Affirmation Statement for Health Requirements for Nursing ...,https://nursing.fau.edu/faculty-staff/forms/Oathandaffirmationforclinicalfaculty.doc
[DOC] Re-affirmation of Marriage Vows,https://www.wandsworth.gov.uk/media/4199/renewal_of_vows_ceremony_script.doc
"[DOC] Act of Mar. 30, 1866, PL 109, No. 98 Cl. 16",https://www.legis.state.pa.us/cfdocs/Legis/LI/uconsCheck.cfm%3FtxtType%3DDOC%26yr%3D1866%26sessInd%3D0%26smthLwInd%3D0%26act%3D0098.
[DOC] Labor and birth affirmations - Blissborn,https://www.blissborn.com/s/Blissborn-Class-2-Handout-Partner-duties-affirmations.doc
[DOC] INITIAL OUTFITTING AFFIRMATION - NYC.gov,https://www1.nyc.gov/assets/ddc/downloads/not-for-profit/New/19%2520-%2520INITIAL_OUTFITTING_AFFIRMATION_OMB_Approved_%5B3.11.19%5D.doc
[DOC] Oath of Affirmation or Allegiance - San Bernardino County,http://www.sbcounty.gov/Uploads/EMACS/forms/Oath%2520Of%2520Affirmation%2520or%2520Allegiance%2520-%2520procedure.doc
[DOC] Sample of affirmation/affidavit of service of documents other than ...,https://rcul.judiciary.hk/rc/download.jsp%3FFN%3Ddocuments/eng/AF3_Sample_Of_AA_Of_service_of_doc_other_than_W_or_OS_clean_24052018.doc
[DOC] 4 - NJ Courts,https://www.njcourts.gov/attorneys/assets/civilcharges/4.21.doc
"[DOC] I affirm that I have been informed about the retention, tenure, and ...",https://www.csuchico.edu/oapl//_assets/documents/affirmation-statement-october-2015.doc
[DOC] Familial Self as a Potent Source of Affirmation in East-Asian Culture,https://eprints.soton.ac.uk/356072/1/Cai%252520Sedikides%252520%252520Jiang%2525202013%252520SPPS.doc
"[DOC] Acknowledgments, Oaths/Affirmations and Jurats: Notarial ...","https://www.northcarolina.ctt.com/docs/ACKNOWLEDGMENTS,%2520OATHS-AFFIRMATIONS%2520AND%2520JURATS-NOTARIAL%2520CERTIFICATES%2520IN%2520NC%2520-%2520REV%25205-29-2018.doc"
[DOC] Organic Production System Plan - Agricultural Marketing Service,https://www.ams.usda.gov/sites/default/files/media/FINAL%2520Application%2520and%2520Affirmations.doc
[DOC] YELWA SHENDAM PEACE AFFIRMATION,http://columbanird.org/systems/wp-content/uploads/2015/04/Resources-Imam-Pastor-Yelwa-Shendam-Peace-Affirmation.doc
[DOC] Affirmation and Disclosure Form for EO2011-12K - State of Ohio ...,http://procure.ohio.gov/pdf/Affirmation%2520and%2520Disclosure%2520Form%2520for%2520EO2011-12K.doc
[DOC] The Words Inside Your Head - Gary Direnfeld,http://www.yoursocialworker.com/p-articles/The_Words_Inside_You_%2520Head.doc
[DOC] AFFIRMATION OF CONSULTATION,http://www.msd321.com/userfiles/280/My%2520Files/What%2520to%2520know%2520about%2520FRL.doc%3Fid%3D2354
[DOC] MI-106A-Affirmation-Re-Markings.doc - Register IRI,https://www.register-iri.com/wp-content/uploads/MI-106A-Affirmation-Re-Markings.doc
[DOC] Notice of Development of Rulemaking - Florida Administrative Code,https://www.flrules.org/gateway/notice_Files.asp%3FID%3D85280
[DOC] Personal Affirmation Statement,http://www.edpsycinteractive.org/brilstar/ziglar_affstate.doc
[DOC] The 9 Guidelines for Creating Effective Affirmations - UnitNet,http://www.unitnet.com/nancyfuqua/pdf/The%25209%2520Guidelines%2520for%2520Creating%2520Effective%2520Affirmations.doc
[DOC] Clean-Transport-Affirmation-AT021.doc - Global Organic Alliance,http://www.goa-online.org/wp-content/uploads/2016/03/Clean-Transport-Affirmation-AT021.doc
[DOC] Affirmation as intervention: The hermeneutics of reframing in ...,https://www.taosinstitute.net/files/Content/5693256/affirmationasintervention.doc
[DOC] AFFIRMATION - New York Legal Assistance Group,https://nylag.org/wp-content/uploads/2019/07/NYLAG-Pro-Bono-CLE-Affirmation.doc
[DOC] Gender Affirmation Policy (MPF1364),https://policy.unimelb.edu.au/word/MPF1364.1-Gender%2520Affirmation%2520Policy.doc
[DOC] Affirmation of Consultation with Private School Officials and ...,https://dcps.duvalschools.org/cms/lib/FL01903657/Centricity/Domain/4394/Affirmation.doc
[DOC] TRAINING PROVIDER STATUTORY DECLARATION.doc,https://files.lawadmissions.vic.gov.au/2021-03/TRAINING%2520PROVIDER%2520STATUTORY%2520DECLARATION.doc
[DOC] Managing Test Anxiety - Eastern Illinois University,https://www.eiu.edu/success/documents/anxiety.doc
[DOC] Affidavit,https://files.justice.vic.gov.au/2021-06/affidavit%2520form.DOC
[DOC] APPENDIX A - Maryland.gov,https://health.maryland.gov/talbotcounty/Procurement%2520and%2520IFBs/Appendix%2520C%2520Bid%2520Proposal%2520Affidavit.doc
[DOC] ATTORNEY AFFIRMATION,https://www.lcldnet.org/media/uploads/resource/ATTORNEY_AFFIRMATION_FOR_CLE_LCLD_Fellow.doc
[DOC] Vermont Oath of Allegiance,https://outside.vermont.gov/dept/sos/Elections%2520Division/town%2520clerks%2520and%2520local%2520elections/jpoath.doc
[DOC] 5 DCMR § 2100 - DCRegs,https://dcregs.dc.gov/Common/DCMR/RuleList.aspx%3FDownloadFile%3D%257B1F752399-200B-49BD-9261-211FDE9DEA6E%257D
[DOC] AFFIRMATIONS Affirmations are short phrases or a short group of ...,http://uploads.documents.cimpress.io/v1/uploads/61712328-5d88-4adb-aaff-99416d71dc26~110/original%3Ftenant%3Dvbu-digital
[DOC] Handler Compliance Affirmation for US-Canada Equivalency ...,https://tilth.org/app/uploads/2015/08/ForeignTrade-CA-HandlerAffirm_US-CanadaEquivalency.doc
[DOC] Affirmation Index - UPSem Library,https://library.upsem.edu/wp-content/uploads/2021/04/Affirmation-Index.doc
[DOC] Affirmations on Love from thriveglobal,https://www.csl-delta.org/uploads/1/0/2/7/102783012/affirmations_on_love_from_thriveglobal.doc
[DOC] Affirmation of faith: the apostles's creed - Bethel Evangelical ...,https://www.bethelepc.org/hp_wordpress/wp-content/uploads/2020/06/June-7-2020.doc
[DOC] Macquarie University Library,https://www.mq.edu.au/pubstatic/public/download.jsp%3Fid%3D114952
[DOC] ADOPTION CHECKLIST / ATTORNEY AFFIRMATION,https://www.jud12.flcourts.org/Portals/0/Documents/Divisions/Family/Forms/Adoption-Checklist.doc
[DOC] Self Talk,http://cstl-hhs.semo.edu/stokes/sw121/Self%2520Talk%25201.doc
"[DOC] Table 3 Oaths and affirmations Witness I, …………………..(full ...",https://www.thenct.org.za/wp-content/uploads/2017/06/various-oaths-and-affirmations.doc
[DOC] 6 - HKEX,https://www.hkex.com.hk/-/media/HKEX-Market/Services/Rules-and-Forms-and-Fees/Rules/HKSCC/Rule-Update_General-Rules-of-CCASS/15-ccassrules-si-matching-e1.doc%3Fla%3Den
[DOC] ELECTRONIC DATA EXCHANGE REQUEST - AHCCCS,https://www.azahcccs.gov/PlansProviders/Downloads/ISD/ElectronicDataExchangeForm.doc
[DOC] Schedule 2 Oath of allegiance - Northern Territory Legislation,https://legislation.nt.gov.au/api/sitecore/Act/Word_History%3Fid%3D16136
[DOC] SURROGATE COURT OF THE STATE OF NEW YORK,https://www.thearcny.org/index.php/download_file/view/637/314
[DOC] BHS CERTIFICATION for Peer Mentors in Kansas (KPMT and KCPM),https://kdads.ks.gov/docs/librariesprovider17/csp/bhs-documents/certifications-and-training/application-for-individual-certification-approval.doc%3Fsfvrsn%3Da78739ee_0
[DOC] Oath or Affirmation of Allegiance for Public Employees and Disaster ...,http://www.rc-hr.com/Portals/2/TAP/New%2520Hire%2520Forms/Oath%2520or%2520Affirmation.doc%3Fver%3D2017-08-24-120429-560
[DOC] Sexual Affirmation - Living in Love,http://livinginlove.org/wp-content/uploads/2010/12/LL-Outline-Affirmation-11-Jun-2013.doc
[DOC] Affidavit-affirmation.doc - Employment Court,https://www.employmentcourt.govt.nz/assets/Forms/Employment-Court/Affidavit-affirmation.doc
[DOC] sample letter genital/gender confirmation surgery - Fenway Health,https://fenwayhealth.org/wp-content/uploads/Sample-Genital-Gender-Confirmation-Letter-Detailed-Version.doc
[DOC] BUSINESS ENTITY DISCLOSURE CERTIFICATION - NJ.gov,https://www.nj.gov/dca/divisions/dlgs/resources/poli_docs/p2pbusentdisccert.doc
[DOC] PERSONAL AFFIRMATIONS RECORDING: Affirmations are one of ...,https://geraldrogers.com/wp-content/uploads/2012/09/Affirmations-recording-instructions.doc
[DOC] Subject: - Maine.gov,https://www.maine.gov/dps/mcja/forms/documents/2021ANNUALREPORTFORMSCOVERLETTERFORLEAGENCIES.DOC
"[DOC] Election Act, R.S.O. 1990, c. E.6 - cloudfront.net",http://du0tsrdospf80.cloudfront.net/docs/90e06_e.doc
[DOC] Synod 2020 Theme 1: Proposals and Affirmations - St Mary's Woolton,http://www.stmaryswoolton.org.uk/images/downloads/2020/Parish/SYNOD/Synod%25202020%2520Theme%25202%2520Response%2520to%2520Proposals%2520and%2520Affirmations.doc
[DOC] SUPREME COURT OF THE STATE OF NEW YORK COUNTY OF ...,https://ww2.nycourts.gov/doc/11576
[DOC] TylenolandDavidLynch.doc,http://www2.psych.ubc.ca/~heine/docs/TylenolandDavidLynch.doc
