Návody - Praetorians - Abecedahier.sk,http://www.abecedaher.sk/index.php/db_data/06/0000006888/db_data/12/0000012335/trainer_8548_DS2_unlocker.7z%3Fpage%3Dnavod%26page2%3Dzobrazit%26id_hry%3D0000004800
