Mom Aligned - Buzzsprout,https://feeds.buzzsprout.com/1746755.rss
Mindful & Driven - Buzzsprout,https://feeds.buzzsprout.com/1819559.rss
Be Grateful Anyway - Libsyn,https://audioboom.com/channels/2606547.rss
The Career Author Podcast - Anchor,https://pod.link/1331210252.rss
Catching Your Breath - Substack,https://api.substack.com/feed/podcast/292469.rss
Renew Communities Teaching Podcast,http://podcasts.subsplash.com/4d4722b/podcast.rss
