[PPT] Distributed Systems - cs.Princeton,https://www.cs.princeton.edu/courses/archive/fall19/cos418/docs/L6-snapshots.pptx
[PPT] Distributed Snapshots - cs.Princeton,https://www.cs.princeton.edu/courses/archive/fall19/cos418/docs/precept4_distributed_snapshots.pptx
[PPT] Snapshots in a Flash with ioSnap TM,https://research.cs.wisc.edu/wind/Publications/snap-euro14-slides.pptx
[PPT] PowerPoint Presentation - andrew.cmu.ed,https://www.andrew.cmu.edu/course/98-174/slides/lecture2.pptx
[PPT] PowerPoint プレゼンテーション,https://www.db.ics.keio.ac.jp/seminar/2018/20181102_terui/20181102_terui.pptx
[PPT] A Framework for Machine Learning and Data Mining in the Cloud,http://cobweb.cs.uga.edu/~squinn/mmd_s15/presentations/GraphLab_UPDATED.pptx
[PPT] STC 2013 STC2013_MDT_WDS,https://coa.suny.edu/wp-content/uploads/2019/08/STC-2013-STC2013_MDT_WDS.pptx
[PPT] Slide 1 - Bioinformatics.ca,https://files.bioinformatics.ca/CBW_BigData_2016_Module_4_final.pptx
[PPT] Infor & AWS,https://f.hubspotusercontent30.net/hubfs/2623780/Infor_Technical_Slides.pptx
[PPT] Atlas 10.3 Developer Notes API changes ... - LabKey Support,https://www.labkey.org/home/_Documentation/wiki-download.view%3FentityId%3D8362dfa4-21a8-102e-aed1-d104f9cdad4b%26name%3D11.1%2520API%2520changes.pptx
[PPT] Sherlock Community Meeting,https://srcc.stanford.edu/sites/g/files/sbiybj10261/f/sherlock_community_meeting_0.pptx
[PPT] Presentation Title – One or two lines,https://indico.fnal.gov/event/15181/contributions/29836/attachments/18802/23587/tutorial_debugging.pptx
[PPT] Title Screen - Network Development Group,https://www.netdevgroup.com/network_virtualization_concepts_presentation
"[PPT] Main Title 32pt - Roscoe A. Bartlett, Ph.D.",https://bartlettroscoe.github.io/publications/CASL_SE_20151026.pptx
[PPT] The Google File System - WordPress.com,https://dblabpaperkim.files.wordpress.com/2013/03/130311_kththe_googlefilesyetem1.pptx
