[DOC] Provost Lisa Dolling Release.doc - Manhattanville College,https://www.mville.edu/sites/default/files/Provost%2520Lisa%2520Dolling%2520Release.doc
[DOC] APPLICATION FORM for 2022 Grant - South Australian Country ...,https://www.sacwa.org.au/wp-content/uploads/Dorothy-Dolling-Memorial-Trust-Grant-Application-2022.doc
"[DOC] @style(spacing 2 lines, rightmargin 5 chars, leftmargin 5 chars ...",http://www.law.harvard.edu/faculty/cdonahue/courses/echfas/lecture/d09.out.doc
[DOC] NOTICE OF MEETING TO BE HELD IN PUBLIC AND EXECUTIVE ...,https://www.utah.gov/pmn/files/574069.doc
[DOC] GENDER EQUALITY and EMPOWERING WOMEN - The Light ...,https://www.lightmillennium.org/events/gender_equality_mr_for_nov14_11.doc
[DOC] Hoodies facing unfair fight on the coast,https://www.gorcc.com.au/app/uploads/2017/05/MR-Hoodies-struggle-with-peak-season.doc
[DOC] Thinking Through a Lesson Protocol (TTLP) Template - HCPSS,https://hcpss.instructure.com/courses/106/files/707557/download%3Fverifier%3DIXm2z0JcCn2k0WuW6Y8voawOthB6w9yS81xv07YV%26wrap%3D1
[DOC] Hills Face Zone Cultural Heritage Project ... - ResearchGate,https://www.researchgate.net/profile/Susan-Piddock/publication/309485630_Hills_Face_Zone_Cultural_Heritage_Project_Archaeological_Field_Survey_of_Glenthorne_Farm_O'Halloran_Hill_Report_to_Marion_Council/links/5812cc6e08aea2cf64e26f5f/Hills-Face-Zone-Cultural-Heritage-Project-Archaeological-Field-Survey-of-Glenthorne-Farm-OHalloran-Hill-Report-to-Marion-Council
[DOC] users.ece.utexas.edu/~bevans/temp/TAOrientation/CO...,http://users.ece.utexas.edu/~bevans/temp/TAOrientation/COE%2520Teaching%2520Responsibilities.doc
[DOC] TABLE OF CONTENTS - SEAS Graduate Admissions - The George ...,https://graduate.seas.gwu.edu/sites/g/files/zaxdzs1526/f/downloads/Doctoral_Handbook_2014-2015-10.7.14.doc
[DOC] 12:00-12:15- INTRODUCTION AND WELCOME Nanette- Brief ...,https://listserv.jmu.edu/cgi-bin/wa%3FA3%3Dind1010%26L%3DFEAST-L%26E%3Dbase64%26P%3D155201%26B%3D--0016e6d7e33bec800d0492315248%26T%3Dapplication%252Fmsword%3B%2520name%3D%2522Conference%2520in%2520Honor%2520of%2520Sue%2520Weinberg%252010-29-10.doc%2522%26N%3DConference%2520in%2520Honor%2520of%2520Sue%2520Weinberg%252010-29-10.doc%26attachment%3Dq
[DOC] Vorlage für Juristische Hausarbeiten an der Juristischen Fakultät,https://steuerberater-leipzig-dolling.de/download_pdf.php%3Ffilename%3Dpdf/Download%2520BspKonzept%2520Ghostwriter.doc
[DOC] Monitoring soil condition across Australia - ASRIS,http://www.asris.csiro.au/downloads/Monitoring%2520Soil%2520Condition%2520ver_4.doc
[DOC] https://www.weinerpublic.com/20210517.doc,https://www.weinerpublic.com/20210517.doc
[DOC] Dry-sowing cereals or canola into pasture paddocks for early feed,http://www.grainandgraze3.com.au/resources/374_PastureHotTipsApr15.doc
[DOC] THRENODY FOR JON EASLEY - Feeding Tube Records,http://feedingtuberecords.com/wp-content/uploads/2018/09/THRENODY-update.doc
[DOC] August 31 - Program expectations and policies/Degree planning,http://cj.txstate.edu/degrees-programs/doctoral/current_students/course_syllabi/Fall-2010/contentParagraph/05/document/CJ%25207331%2520-%2520Fall%25202010%2520-%2520Stafford.doc
[DOC] Page 1 - It works!,http://home.spin.net.au/richruth/index_htm_files/AdditionsCorrectionsVer8_10thJul2006.doc
"[DOC] The Resilience of Sailortown Culture in English Naval Ports, c",https://researchportal.port.ac.uk/portal/files/3658643/The_Resilience_of_Sailortown_Culture_in_English_Naval_Ports.doc
[DOC] 50th anniversary of founding of Shrewsbury House,http://www.shrewsburyhouse.org.uk/wp-content/uploads/2016/03/FROM-SHREWSBURY-SCHOOL-ANNUAL-REPORT-1952.doc
