[PDF] Outpray Past Tense - GrammarTOP.com,https://grammartop.com/outpray-past-tense/%3Fpdf%3D75975
"[PDF] Outwit, Outlast, Outpray! - Amazon AWS",https://faithconnector.s3.amazonaws.com/stdunstanparish/downloads/03_0040_29b.pdf
[PDF] SPEAK IT OUT! TALK IT OUT! PRAY IT OUT! MAKE IT STICK!,https://transformchurch.us/wp-content/uploads/2021/04/EL.pdf
[PDF] SPEAK IT OUT! TALK IT OUT! PRAY IT OUT! MAKE IT STICK!,https://transformchurch.us/wp-content/uploads/2021/04/EC-1.pdf
[PDF] Getting Started Discussion Live It Out Pray - sov.church,https://sov.church/wp-content/uploads/2021/07/Daniel-20210718.pdf
[PDF] 6TH GRADE CAMP for Catholic Schools - Whispering Winds,http://www.whisperingwinds.org/new/forms/6thbrochure.pdf
"[PDF] U.S. EPA, Pesticide Product Label, MEYERS CHLORDANE ...",https://www3.epa.gov/pesticides/chem_search/ppls/000854-00013-19670703.pdf
"[PDF] U.S. EPA, Pesticide Product Label, DE-PESTER CASORON W-50 ...",https://www3.epa.gov/pesticides/chem_search/ppls/000148-00615-19671002.pdf
[PDF] Download Brochure - Tulane Catholic,https://catholic.tulane.edu/documents/2018/9/saintmakers%2520brochure%25202018.pdf
[PDF] saint hemakers - Tulane Catholic,https://catholic.tulane.edu/documents/2016/2/110615%2520-%2520saintmakers-online.pdf
[PDF] Trudging the road to Happy Destiny - THE UNITY CLUB,https://www.unityclub.com/s/Unity-Club-Feb2020.pdf
Josh Beakley PPT - Bethany Community Church,https://www.bethanycommunitychurch.org/resources/docs/2319-the_sovereignty_of_god_in_a_fallen_world_-_plenary_2_-_notes.pdf
"SOUL SURVIVOR - Trinity Church – Lakeville, MN",https://trinitychurchmn.com/wp-content/uploads/2019/11/2019-20-Soul-Survivor-Schedule.pdf
[PDF] The Profound Practice of Prayer,https://www.umjc.org/s/The-Profound-Practice-of-Prayer-rev-122816.pdf
[PDF] Worship Services & Bible Study - St Andrews Rd COC,https://sarcoc.org/s/January-10.pdf
[PDF] BREATH PRAYER | Simplicity: One Word Prayer - Southridge ...,https://southridgechurch.ca/wp-content/uploads/2020/06/BREATH-PRAYER-Simplicity-One-Word-Online.pdf
[PDF] The Amazima School Primary OPENS for the FIRST TIME EVER!,https://www.orlandchurch.com/Portals/0/January%2520and%2520February%2520Newsletter.pdf
Jane shared the prayer intentions,http://saint-max.org/portals/0/files/Parish/CouncilsCommissions/MinutesAgendas/PLS_Minutes_February_2017.pdf
[PDF] Spiritual Practices,https://www.andersonhills.org/download_file/view/4064/
