"30 Nice bellies,bulges and shooting cocks Part10 - V 3511 mkv",https://www.gaytorrent.ru/details.php/b8927e18a8931cf771a4245d9ffa993a2b8fe64fad079b56/30%2BNice%2Bbellies%252Cbulges%2Band%2Bshooting%2Bcocks%2BPart10%2B-%2Bby%2Bneurosiss%2B-%2BV%2B3511.mkv
"97 Nice Bellies,bulges And Shooting Cocks Part 40 - V 4043-1 mkv",https://www.gaytorrent.ru/details.php/705daf08e8df944871a4245d9ffa993ae1a5774a7158ff48/97%2BNice%2BBellies%252Cbulges%2BAnd%2BShooting%2BCocks%2BPart%2B40%2B-%2BBy%2BNeurosiss%2B-%2BV%2B4043-1.mkv
Battle.of.the.Bulge.1965.720 p.mkv - NitroFlare - Upload Files,https://nitroflare.com/view/B2FCC4167E0F800/Battle.of.the.Bulge.1965.720p.mkv
Chip.n.Dale.Rescue.Rangers.S02E08.Battle.of.the.Bulge.1080p ...,https://www.fastshare.cz/20358806/chip.n.dale.rescue.rangers.s02e08.battle.of.the.bulge.1080p.bluray.dd2.0.h.264-btn.mkv
Winter War 2017 zimní válka cz dabing mkv - FastShare,http://fastshare.cz/7257263/winter-war-2017-zimni-valka-cz-dabing.mkv
WWII.Battles.for.Europe.7of8.The.Battle.of.the.Bulge.1080p ... - BTDigg,https://www.btdig.com/75563d410d39d0635b2b277920716fc9cd403be2/wwii.battles.for.europe.7of8.the.battle.of.the.bulge.1080p.web.h264.ac3.mvgroup.forum.mkv
Welcome.to.the.Circle.2020.720p.BRRip.Hindi-Dub.Dual ... - BTDigg,https://www.btdig.com/80973287283bac30e25b259d464332937f5a9997/welcome.to.the.circle.2020.720p.brrip.hindi%3Ddub.dual%3Daudio.x264%3D1xbet.mkv
