[PPT] Chapter 9 - Graduate Institute of Financial Sciences (GIFS),http://gifs.africa/wp-content/uploads/2020/05/English-The-Mark-Chapter-9-Secondary.pptx
[PPT] English The Mark Background & Setting Secondary,https://gifs.africa/wp-content/uploads/2020/05/English-The-Mark-Background-Setting-Secondary.pptx
[PPT] PowerPoint Presentation,https://uomustansiriyah.edu.iq/media/lectures/8/8_2020_12_28!09_31_42_PM.pptx
[PPT] The Gothic - The Student Room,https://www.thestudentroom.co.uk/attachment.php%3Fattachmentid%3D459445%26d%3D1441558875
