lenspix/EBsep.ini - GitHub,https://github.com/cmbant/lenspix/blob/EBsep/EBsep.ini
invenio-github/pytest.ini at master,https://github.com/inveniosoftware/invenio-github/blob/master/pytest.ini
Documentation - Confluence,https://squirro.atlassian.net/wiki/spaces/DOC/pages/2457272457/digestmailer.ini
Oblivion Mod talk:Oblivion.ini - The Unofficial Elder Scrolls Pages ...,https://en.m.uesp.net/wiki/Oblivion_Mod_talk:Oblivion.ini
openstack/openstack-doc-tools - openstack-doc-tools - OpenDev,https://opendev.org/openstack/openstack-doc-tools/commits/branch/master/tox.ini
openstack/oslo.limit - oslo.limit - OpenDev: Free Software Needs ...,https://opendev.org/openstack/oslo.limit/commits/branch/master/tox.ini
doc/examples/Stillberg/setup/io.ini · test_splitting_nora · snow ...,https://gitlabext.wsl.ch/snow-models/alpine3d/-/blob/test_splitting_nora/doc/examples/Stillberg/setup/io.ini
www.angelfire.com/on3/commandtech/Nod.ini,http://www.angelfire.com/on3/commandtech/Nod.ini
der Datei ofcscan.ini - Translation into English - examples German ...,https://context.reverso.net/translation/german-english/der%2BDatei%2Bofcscan.ini
Recently Active 'desktop.ini' Questions - Stack Overflow,https://stackoverflow.com/questions/tagged/desktop.ini%3Ftab%3DActive
