[DOC] SECTION 16460 DRY-TYPE TRANSFORMERS - University of ...,https://uh.edu/facilities-planning-construction/vendor-resources/owners-design-criteria/master-specs/doc/26-12-19-medium-voltage-pad-mntd-transformers.docx
[DOC] SECTION 16460 DRY-TYPE TRANSFORMERS - University of ...,https://uh.edu/facilities-planning-construction/vendor-resources/owners-design-criteria/master-specs/26-1219-medium-voltage-pad-mounted-transformers-04.2020.docx
[DOC] Testing of Transformers and its Significance,https://assets.website-files.com/5dc3329c429c1a9866f49d34/5ec1f842cc566b84193507bb_Testing%2520of%2520Transformers%2520and%2520Its%2520Significance.docx
[DOC] SECTION 26 12 16,https://doa.wi.gov/DFDM_Documents/MasterSpecs/Electrical/26%252012%252013.docx
[DOC] PSG Section 16461 - Eaton,https://www.eaton.com/content/dam/eaton/products/guide-specs-consultant-audience/26-22-00/eaton-guidespec-transformers-general-purpose-dry-type-26-22-13.docx
"[DOC] Liquid-filled, medium-voltage pad-mounted transformer specification",https://www.eaton.com/content/dam/eaton/products/guide-specs-consultant-audience/26-12-00/eaton-guidespec-mv-padmount-transformer-liquid-filled-26-12-19-01.docx
[DOC] The single-phase overhead distribution transformers shall meet or ...,"https://lfpubweb.cityofdenton.com/MaterialsManagement/0/edoc/11947/6778%2520-%2520Overhead%2520and%2520Underground%2520Distribution%2520Transformers,%25203.Statement%2520of%2520Work%2520Specifications%2520(2).docx"
[DOC] 26 22 10 - The School District of Palm Beach County,https://www.palmbeachschools.org/UserFiles/Servers/Server_270532/File/Business%2520with%2520the%2520District/%2520Vendors%2520Suppliers%2520-%2520Construction%2520%2520Policies/2020/Word/26%252022%252010%2520Dry%2520Type%2520Transformers.docx
[DOC] SECTION 15030 - University of Nebraska System,https://nebraska.edu/-/media/projects/unca/offices-policies/business-and-finance-office/design-guidelines/design-specifications/division-26---electrical/26-12-00---padmounted-liquid-filled-medium-voltage-transformers.docx
[DOC] ipf.msu.edu/documents/low-voltage-transformers-word,http://ipf.msu.edu/documents/low-voltage-transformers-word
