[XLS] Part#ACS-01 to ACS-10 A B C D E F G H I J K 1 2 ACS CLUTCH ...,https://www.maverickdistributing.com/uploads/files/Documents/app-charts/Copy-of-ACS-Clutch-Pullers.xlsx
[XLS] New Sales by Vehicle Type - Utah State Tax Commission,https://tax.utah.gov/esu/mv-new/201704newoffroad.xlsx
[XLS] Sled Parts A B C D E F G H I J K L M N O P Q R S 1 Part # Make ...,https://mbrpautomotive.com/npr/usd/136R_136T-USD/1360214_136T107-USD.xlsx
[XLS] Plain A B C D E F G H 1 Country City State/Province Inhabitants ...,https://www.b4p.app/Images/Style_Themes_Examples_1.xlsx
[XLS] Sheet2 - NYC.gov,https://www1.nyc.gov/assets/finance/downloads/pdf/reports/issuers_allocation/2015/gct2015_part2.xlsx
[XLS] Search Results,https://pathfinder.catalog.ckls.org/Search/Results%3Flookfor%3D%2522Blue%2527s%2Bclues%2522%26searchIndex%3DSeries%26filter%5B%5D%3Dformat_category_pathfinder%253A%2522Books%2522%26sort%3Dyear%2Basc%252Ctitle%2Basc%26view%3Dexcel%26searchSource%3Dlocal
[XLS] Sheet1 - Walbro,https://www.walbro.com/wp-content/uploads/2015/12/Application-Guide-2015.xlsx
[XLS] I-500 Qualifying - Sault Ste. Marie,https://www.saultstemarie.com/wp-content/uploads/2016/01/fs97-1359986962-83013.xlsx
[XLS] Snowmobile Gearing To Speed Calculator - Totallyamaha,https://totallyamaha.com/snowmobiles/aaTECH/TechIndex/Sled%2520Dog's%2520Snowmobile%2520Gearing%2520Speed%2520Calculator.xlsx
[XLS] Flathead L-Spr AIS boat sites,https://myfwp.mt.gov/getRepositoryFile%3FobjectID%3D97768
[XLS] HotRod hajtókar - Pinkmotors.hu,https://www.pinkmotors.hu/pivot-works/arlista/2019/HotRods-hajtokar-ar-es-tipuslista-2019.xlsx
[XLS] Simplified A B C D E F G 1 Fourth 2016 Buy America Waiver ...,https://www.fhwa.dot.gov/construction/contracts/cmaq170321.xlsx
[XLS] Sheet1 - maxx racing performance,http://www.maxxracing.fr/ressources/IFP_depths.xlsx
[XLS] Elka MSRP - TKS Shocks,https://tksshocks.com/wp-content/uploads/2020/08/ELKA-Excel-Spreadsheet-no-dealer-price.xlsx
[XLS] arctic cat,https://s.siteapi.org/ccdb0156d66a088.ru/docs/9d58e198f2d09ddeeecbe0c603aaaacc63fed52d.xlsx
[XLS] Sheet1,https://www.hss.gov.nt.ca/sites/hss/files/resources/application-budget-mental-wellness-addictions-recovery-funds.xlsx
[XLS] MOG2-12.xlsx,https://tintin.hec.ca/pages/roch.ouellet/manuels/MOG/solutions_problemes/chapitre2/Excel2010/MOG2-12.xlsx
