[PPT] Download Figures (PPT) - Veterinary Anaesthesia and Analgesia,https://www.vaajournal.org/article/S1467-2987(20)30194-X/ppt
[PPT] https://www.vaajournal.org/article/S1467-2987(20)3...,https://www.vaajournal.org/article/S1467-2987(20)30051-9/ppt
[PPT] Ungulate tag marketing profiles,https://www.azaungulates.org/s/2016-Lost-Ungulates-48jj.pptx
[PPT] Characteristics of sourveld - Maluti TVET College,https://www.malutitvet.co.za/wp-content/uploads/2020/05/L3-Animal-Production-Module-3-Grazing-systems-veld-types.pptx
[PPT] Green (Wildlife Economy) Programme SANParks made a pledge in ...,https://pmg.org.za/files/180227SANPARK.pptx
"[PPT] Succulent Karoo: Temperature, Rainfall and Soil type.",https://bioats.weebly.com/uploads/1/3/0/8/13084114/biosphere_biomes_and_enviromental_studies_..pptx
[PPT] 1202 - SASAS,https://www.sasas.co.za/wp-content/uploads/2021/08/REPORT-ON-WEBSITE-FOR-AGM-2021-1.pptx
[PPT] Slide 1,http://www.rametsi.co.za/wp-content/uploads/2021/11/Rametsi-Most-Common-Game.ppsx
[PPT] PowerPoint Presentation - Menloweb,http://www.menloweb.co.za/documents/4BulleBiltong.pptx
[PPT] A Review of Wildlife Management – J du P (Koos) Bothma - SAWMA,https://sawma.co.za/wp-content/uploads/2021/09/2-Review-of-Wildlife-Management-Bothma.pptx
