[XLS] Working Master Table - Seattle Weavers Guild,http://www.seattleweaversguild.com/Library/library_spreadsheet_2013-08.xls
[XLS] Concordance table 4: Types of fiber and textile ... - USDA ERS,https://www.ers.usda.gov/media/9302/c_table4_1_.xls
[XLS] Irene Emery Papers: Inventory (XLS),https://museum.gwu.edu/sites/g/files/zaxdzs3226/f/Irene%2520Emery%2520Worksheet.xls
[XLS] Calculate warp and weft for balanced fabric,https://heritagespinning.com/wp-content/uploads/2011/11/Weaving-Calculation.xls
[XLS] Ch 18-06 Build a Model Solution,http://www.swlearning.com/finance/brigham/ifm8e/buildamodel/buildamodel18-06.xls
[XLS] https://kemenperin.go.id/statistik/excel_trend_hs6...,https://kemenperin.go.id/statistik/excel_trend_hs6.php%3Fsub%3DMesin%2520Untuk%2520Industri%2520%2520Tekstil%26n%3D517
[XLS] cotton carpet weaving establishments,https://labour.telangana.gov.in/content/minimumWages/01102018/15cotton%2520carpet.xls
[XLS] Performa 1 - Punjab Institute of Textile Technology,http://www.pittasr.in/xls/p1/p1.xls
[XLS] PriceList - Top End Performance,https://www.racetep.com/haltech/halweb0405.xls
[XLS] 1894 table 211,http://dsal.uchicago.edu/statistics/1894_excel/1894.211.XLS
[XLS] textile_prod.xls,https://memdb.libraries.rutgers.edu/sites/default/files/munro/textile_prod.xls
[XLS] https://americantapestryalliance.org/wp-content/up...,https://americantapestryalliance.org/wp-content/uploads/2020/10/Books-on-Tapestry-10.26.20.xls
[XLS] Timetable,https://ich.unesco.org/doc/src/46070-EN.xls
[XLS] Sheet1,http://dirtexmah.gov.in/download/powerloom/powerloom_financeunderncdcscheme.xls
[XLS] Members - Better Cotton,http://bettercotton.org/wp-content/uploads/2015/09/20151103_Members-List.xls
[XLS] Silk weaving,http://www.iisg.nl/hpw/suzhou.xls
[XLS] PO 2017 season - GT World Challenge Asia,https://www.gt-world-challenge-asia.com/documents/team/37/2017%2520ORDER%2520FORM%2520DATALOGGING%2520GT3%2520and%2520GT4(1)%2520(1).xls
[XLS] Electrical,http://wikifoundryattachments.com/YcHkhm35oh9xko7OH00Plw%3D%3D399360
[XLS] 1.22 - India Budget,https://www.indiabudget.gov.in/budget2013-2014/tab2012/tab122.xls
