[PPT] Grass growth and need for rest Continual grazing - Umzimvubu,https://umzimvubu.files.wordpress.com/2016/06/meat-naturally-pty-may-2016-2.pptx
[PPT] PowerPoint,http://neotectonics.seismo.unr.edu/0_COURSES/Geo730-2020/aapowerpoints-2020/36-Kraal_Stewart_1980.pptx
[PPT] Download Figures (PPT) - The Journal of Pediatrics,https://www.jpeds.com/article/S0022-3476(17)30744-8/ppt
[PPT] Download Figures (PPT) - The Journal of Pediatrics,https://www.jpeds.com/article/S0022-3476(16)30337-7/ppt
[PPT] Download Figures (PPT) - Journal of Allergy and Clinical Immunology,https://www.jacionline.org/article/S0091-6749(95)70184-2/ppt
[PPT] Business interruption Insurance and COVID-19 - AIDA,https://aidainsurance.org/files/2020-06/Business%2520interruption%2520copy.pptx
[PPT] Download Figures (PPT) - International Journal of Cardiology,https://www.internationaljournalofcardiology.com/article/S0167-5273(16)32622-5/ppt
[PPT] Download Figures (PPT) - International Journal of Cardiology,https://www.internationaljournalofcardiology.com/article/S0167-5273(16)30206-6/ppt
[PPT] A function for the macrophage F4/80 molecule in tolerance induction,https://www.cell.com/trends/immunology/ppt/S1471-4906(05)00202-4.ppt
