The Pyranoside-into-Furanoside Rearrangement of Alkyl Glycosides ...,https://journals.scholarsportal.info/details/09365214/v27i0011/1659_tproagsal.xml
"Catalyzed Glycosidations for 1,2-trans and 1,2-cis Furanosides",https://journals.scholarsportal.info/details/00223263/v79i0016/7358_ggf1a1f.xml
Download .xml file - NIH VideoCast,https://videocast.nih.gov/vodCaptions/fgp070721.xml%3Fdownload%3Dyes
[PDF] α-L-Arabinofuranosidase Activity during Development and Ripening ...,https://journals.ashs.org/hortsci/downloadpdf/journals/hortsci/37/3/article-p564.xml
Distribution and biological activity of obestatin in the rat in,https://joe.bioscientifica.com/view/journals/joe/191/2/1910481.xml
Distribution and characterization of estrogen receptor G protein ...,https://joe.bioscientifica.com/view/journals/joe/193/2/1930311.xml
Quantitative Analysis of Homeopathic Mother Tincture ... - AKJournals,https://akjournals.com/previewpdf/journals/1006/16/6/article-p465.xml%3FpdfJsInlineViewToken%3D1617113408%26inlineView%3Dtrue
Doxorubicin induces slow ceramide accumulation and late ...,https://cardiovascres.oxfordjournals.org/content/43/2/398.source.xml
Abstract - bioRxiv,https://www.biorxiv.org/content/biorxiv/early/2020/05/16/2020.05.11.088963.source.xml
