[PPT] Planting and Staking for Successful Tree Establishment,https://cals.arizona.edu/extension/ornamentalhort/landscapemgmt/sel_pla_stak/treeplanting.ppt
[PPT] Planting and Staking for Successful Tree Establishment - College of ...,https://cals.arizona.edu/yavapai/anr/hort/mastergardener/mgcourseresources/az1402revised22011uks.ppt
[PPT] Pruning STAKING AND TRAINING IN TOMATO PRODUCTION,http://agropedialabs.iitk.ac.in/agrilore/sites/default/files/5.STAKING%2520AND%2520TRAINING%2520IN%2520TOMATO%2520PRODUCTION_0.ppt
[PPT] Floor Plan Design,https://media.scc.losrios.edu/FitzpaK/300/300Mst_Cabin_PPT/300Mst_Cbn05_Foundations.ppt
[PPT] Site and Highway Staking with Trimble SCS900,ftp://www.myconnectedsite.com/TCC/hccseng/ConstructionSiteFilespace/New%2520Sitech%2520Training/2.%2520SSTP%2520presentations/Spanish/D%25C3%25ADa%25202%2520-%2520%2520Lanzamiento%2520SITECH%2520(SPS%2520y%2520SCS900%2520)/Avanzado/Trazado%2520de%2520Estacas%2520para%2520Obras%2520y%2520Carreteras%2520con%2520el%2520programa%2520SCS900.ppt
[PPT] Construction Surveys,http://courses.washington.edu/cive316/lectures/pps_lectures/Construction_Surveys.pps
[PPT] Changes in Rev. A of 8739.1,https://nepp.nasa.gov/files/15058/Presentation%2520of%2520Changes%2520in%2520RevA%2520%2520%2520072108%2520.ppt
[PPT] Maintenance of Trees & Shrubs - Kansas State University,https://hnr.k-state.edu/extension/presentations/MaintainingTrees%2520Shrubs.ppt
[PPT] Patent Claims,http://www.sfu.ca/~mvolker/mot/patents-mroman-apr03.ppt
[PPT] Vegetable Gardening - Uinta County,https://www.uintacounty.com/DocumentView.asp%3FDID%3D419
