Untitled,https://ped-rheum.biomedcentral.com/sitemap-articles-2017-04.txt
Untitled,https://ped-rheum.biomedcentral.com/sitemap-articles-2014-07.txt
View Information for Rheum rhaponticum - Forest Service,https://www.nrs.fs.fed.us/data/il/ilpin/local-resources/includes/2498.txt
363.full.txt - The Journal of Rheumatology,https://www.jrheum.org/content/42/3/363.full.txt
22.full.txt,https://www.jrheum.org/content/45/1/22.full.txt
"Full text of ""A bibliography of rhubarb and rheum species""",https://archive.org/stream/CAT88912350/CAT88912350_djvu.txt
RHEUM TO GROW | NPI:1760138630 | National Provider Identifier ...,https://www.hipaaspace.com/medical_billing/coding/national_provider_identifier/codes/npi_1760138630.txt
charlson.comorbidity.macro.v2000.txt,https://healthcaredelivery.cancer.gov/seermedicare/program/charlson.comorbidity.macro.v2000.txt
NaSchSim/lgpl-3.0.txt at master · rheum/NaSchSim · GitHub,https://github.com/rheum/NaSchSim/blob/master/lgpl-3.0.txt
