[PPT] Volvox,http://www.wsfcs.k12.nc.us/cms/lib/NC01001395/Centricity/Domain/2561/Volvox%2520notes.pptx
"[PPT] PROTISTS EUGLENA, AMOEBA, PARAMECIUM, VOLVOX",https://cpb-us-w2.wpmucdn.com/sites.icimagine.org/dist/a/14/files/2016/04/Protists-Four-1d5eu7b.pptx
[PPT] The Voyage of Volvox - Mrs Motley.com,http://mrsmotley.weebly.com/uploads/1/2/8/1/12818536/the_voyage_of_volvox.pptx
[PPT] PowerPoint Presentation,https://www.lee.k12.nc.us/cms/lib/NC01001912/Centricity/Domain/2649/Protists%2520Four.pptx.pptx.pptx
[PPT] Volvox – A green algae - Sarah Tucker College,https://webadmin.sarahtuckercollege.edu.in/admin//Public/uploads/e-material/Botany/Herin/GENETICALLY%2520MODIFIED%2520PLANTS.pptx
[PPT] Protist Review - Duplin County Schools,https://www.duplinschools.net/cms/lib/NC01001360/Centricity/Domain/592/Protist%2520Review.pptx
