[PPT] Creating A Portal - EPRMA,https://eprma.org/wp-content/uploads/2018/08/Hyperlink.pptx
[PPT] Reassessing the Hyperlink,https://sites.umassd.edu/files/2020/01/JBotvin-2020-Conf.pptx
[PPT] Chapter 1,http://bscacad3.buffalostate.edu/~gerlanjr/cis/375/Jamsa/Jamsa_HTML5_PPTs/Jamsa_HTML5_CH03_ppt.pptx
"[PPT] Hyperlinks, Images and Tables","https://www.tech.dmu.ac.uk/~mjdean/notes/modules/programming/IMAT1610/1819/content/18%2520Lecture%2520Hyperlinks,%2520Images%2520and%2520Tables/Week%252018%2520-%2520Hyperlinks%2520Images%2520and%2520Tables%2520pt%25201.pptx"
[PPT] GSA's Vendor and Customer Self Service (VCSS),https://corporateapps.gsa.gov/corporateapps/files/VCSS-Training-Section-3_Basic-Navigation.pptx
[PPT] Using PowerPoint to Scaffold a Text,https://www.gadoe.org/Curriculum-Instruction-and-Assessment/Special-Education-Services/Documents/UDL/Using%2520PP%2520to%2520Scaffold%2520a%2520Text.pptx
[PPT] Report Linking - Let's Speak BO,https://www.speakbo.com/wp-content/uploads/2017/04/Lets-Speak-BO-Creating-Interactive-Dashboards-in-Web-Intelligence-April-18-2017.pptx
[PPT] 4.1: Change page layout 4.2: Create and modify text boxes 4.3,https://biz.libretexts.org/%40api/deki/files/32997/ComputerApps_04_MicrosoftWordIntermediate.pptx%3Frevision%3D1
[PPT] Slide 1 - TI E2E,https://e2e.ti.com/cfs-file/__key/communityserver-discussions-components-files/791/KeyStone-Hyperlink.pptx
[PPT] Intelligent Information Retrieval - DePaul University,http://facweb.cs.depaul.edu/mobasher/classes/csc575/Lectures/Winter2021/W901-Hyperlink-Analysis.pptx
[PPT] MSCE Presentation Template,https://faculty.nps.edu/rgera/NetworkScienceShortCourses/August2017/04-3a-Centralities%2520-%2520PageRank.pptx
[PPT] Slide 1 - Interactive Classroom.net,https://www.interactiveclassroom.net/wp-content/uploads/2011/03/Lesson-5-Interactive-Quiz1.pptx
[PPT] Prom,http://www.hudson.k12.oh.us/cms/lib08/OH01914911/Centricity/Domain/432/PPT%2520Tips%2520and%2520Tricks.pptx
[PPT] Student Job Aid for Exam Exemption Selections - Fort Bend ISD,https://www.fortbendisd.com/cms/lib/TX01917858/Centricity/Domain/13470/Student_Job_Aid_for_Exam_Exemption_Selections.pptx
[PPT] Using Technology to Convince -- And Not Distract -- a Judge and Jury,https://www.utd.uscourts.gov/sites/utd/files/CreatingAccessibleDocuments_102413.pptx
[PPT] Run Financials Reports Steps Screenshots - Core-CT,https://www.core-ct.state.ct.us/financials/grants/ppt/Run_Financials_Reports.pptx
[PPT] Responding to a Tag from the Policy Number Hyperlink,https://www.slacal.com/docs/default-source/general-content-documents/Tutorials/quick-info-table-enhanced.pptx
[PPT] Hyperlinks-recap.pptx,http://pages.uoregon.edu/pangburn/dsc340notes/Hyperlinks-recap.pptx
[PPT] Browser questions - iLearn,https://ilearn.fife.ac.uk/mod/resource/view.php%3Fid%3D145415
[PPT] Parent Information - Clearwood Junior High School,http://clearwoodjunior.stpsb.org/virtualopenhouse/pelayoopenhouse.pptx
[PPT] Module 6 (Level 1) Docs,https://www.lindenwood.edu/files/resources/google-cert-mod-6-level-1-docs.pptx
[PPT] Pharmacist Provider Portal Webinar v.1.7 - Illinois.gov,https://www.illinois.gov/hfs/SiteCollectionDocuments/PharmacistProviderPortalWebinar.pptx
[PPT] Ranking algorithms,https://www.stem.org.uk/system/files/elibrary-resources/2020/09/L4%2520Slides%2520%25E2%2580%2593%2520Developing%2520for%2520the%2520web%2520%25E2%2580%2593%2520Y8.pptx
[PPT] How to Find Students' Audits (For Chairs and other Advisers With ...,https://www.fandm.edu/uploads/files/896225968861413057-degree-works-responsive-dashboard-basics-for-advisers.pptx
[PPT] Advent Calendar,https://carstengroth.files.wordpress.com/2021/11/advent_calendar_2021_day1.pptx
[PPT] Digital Choice Boards,https://www.cascadesd.org/cms/lib/WA01919371/Centricity/Domain/155/DCB%2520class.pptx
[PPT] Hyperlinks to content,https://elearning.bmh.manchester.ac.uk/wp-content/uploads/2020/07/Hyperlinks-to-content.pptx
[PPT] How to Get Grant Funding,https://www.wcu.edu/_files/provost/ApprovingInfoEd.pptx
[PPT] Create Ergonomic SEG and Assessment,https://www.med.navy.mil/Portals/62/Documents/NMFA/NMCPHC/root/Industrial%2520Hygiene/Ergonomic-SEG-and-Assessment.pptx%3Fver%3DtjATfVFO3Ru2HtOw4_S9NA%253D%253D
[PPT] Choice Board Title - Surrey Schools ONE,https://surreyschoolsone.ca/cms-data/depot/depot/Choice-Board-Template-3x3.pptx
