[PDF] Filter Backwashing - Oregon.gov,https://www.oregon.gov/oha/PH/HEALTHYENVIRONMENTS/DRINKINGWATER/OPERATIONS/TREATMENT/Documents/Backwash.pdf
[PDF] Optimizing Backwash and Filter to Waste for Rapid Rate Filtration,https://doh.wa.gov/sites/default/files/2022-02/331-624.pdf
[PDF] Guidelines-Disposal Methods for Water Filter Backwash Solids,https://www.pca.state.mn.us/sites/default/files/wq-wwprm2-02.pdf
[PDF] HOW TO'S: - BACKWASH,https://www.griggpools.com/wp-content/uploads/2014/10/Grigg-Pools_How-TOs_Sept-18.pdf
[PDF] How to Backwash Your Sand Filter - Hibu,https://cdn.websites.hibu.com/6de24869602a4db290fadaf09b36c1e1/files/uploaded/How%2520to%2520backwash%2520your%2520sand%2520filter%25202.pdf
[PDF] Backwash Instructions - All Seasons Pools and Spas,https://www.allseasonspools.net/wp-content/uploads/2016/03/PoolSchool-Backwash-Instructions.pdf
[PDF] Dare to Share Your Water: A Study of Bacteria in Backwash,http://csef.usc.edu/History/2005/Projects/J1302.pdf
[PDF] E ENGLISH Filter Backwash Procedure Chemical Cleaning ... - Pentair,https://www.pentair.com/content/dam/extranet/nam/pentair-pool/residential/manuals/filters/tagelus/tagelus-filter-manual-english-spanish-french.pdf/subassets/page9.pdf
Water loss in swimming pool filter backwashing processes in the ...,https://iwaponline.com/wp/article-pdf/23/5/1314/947544/023051314.pdf
[PDF] How to Drain and Backwash Pools Legally - City of Avondale,https://www.avondaleaz.gov/home/showdocument%3Fid%3D4422
