[DOC] Group-Risk-Assessment-2018.doc - Landmark Forest Adventure Park,https://www.landmarkpark.co.uk/wp-content/uploads/2018/04/Group-Risk-Assessment-2018.doc
[DOC] Rules Governing Operations of Amusement Devices and Midways - 16,https://www.maine.gov/sos/cec/rules/16/219/219c028.doc
[DOC] 290d6d55bbe340f19e91fda3d52...,https://www.oocl.com/india/eng/localinformation/terminalsandfacilities/Documents/290d6d55bbe340f19e91fda3d522c9c0concor3.doc
"[DOC] Assistant General Manager, Operations Page ASSISTANT ...",https://www.bart.gov/sites/default/files/docs/jobs/AGM.%252520Ops%252520ZF105-00.doc
[DOC] reports to - BART,https://www.bart.gov/sites/default/files/docs/jobs/Chief%252520Tranp%252520Officer%252520XF100-02%252520.doc
[DOC] sanford field house usage guidelines for club teams,https://www.colgate.edu/media/10356/download%3Fattachment
[DOC] A Simple Method for Organizing Argumentative Writing,https://www.warrencountyschools.org/userfiles/2830/Classes/17736//userfiles/2830/my%2520files/three%2520step%2520argument.doc%3Fid%3D634908
[DOC] Veteran Affairs Palo Alto Health Care System (VAPAHCS),https://www.vendorportal.ecms.va.gov/FBODocumentServer/DocumentServer.aspx%3FDocumentId%3D1279679%26FileName%3DVA261-14-B-0376-007.doc
