eps1.2_d3bug.mkv | Mr. Robot Wiki | Fandom,https://mrrobot.fandom.com/wiki/Eps1.2_d3bug.mkv
Desperate.Housewives.S01E06.Running.to.Stand.Still.1080p.AMZN ...,https://om.chirmyram.com/tlv2/%25E7%25BE%258E%25E5%2589%25A7/%25E7%25BB%259D%25E6%259C%259B%25E4%25B8%25BB%25E5%25A6%2587/Desperate.Housewives.S01.1080p.AMZN.WEBRip.DDP5.1.x265-SiGMA%5Brartv%5D/Desperate.Housewives.S01E06.Running.to.Stand.Still.1080p.AMZN.WEB-DL.DD5.1.H265-SiGMA.mkv%3Fpreview
Find Answers to AWS Questions about Storage,https://repost.aws/tags/TAgdRimKXeR-yBKuz9jK-Fag/data/80e12098-ec85-59db-6e36-82e04e884439.mkv
Robotomy 1x05a Nana's Run.mkv - Internet Archive,https://archive.org/details/Robotomy_1x05a_Nanas_Run.mkv
"Soundlovers Run Away.mkv : Free Download, Borrow, and Streaming",https://archive.org/details/Soundlovers_Run_Away.mkv
Watch Video Game Dos_xwing_gus_pnp - Page 146 - Shacknews,https://www.shacknews.com/ftp:/78.46.141.148/videos/dos_xwing_gus_pnp.mkv%3Fpage%3D146
Watch Video Game Dos_xwing_gus_pnp - Page 210 - Shacknews,https://www.shacknews.com/ftp:/78.46.141.148/videos/dos_xwing_gus_pnp.mkv%3Fpage%3D210
Running.Turtle.2009.1080p.NF.WEB-DL.DD5.1.x264-NTb.mkv,https://share.laowang.me/Google-emby/NetflixFilm/%25E5%25A5%2594%25E8%25B7%2591%25E7%259A%2584%25E4%25B9%258C%25E9%25BE%259F.%25EA%25B1%25B0%25EB%25B6%2581%25EC%259D%25B4%2520%25EB%258B%25AC%25EB%25A6%25B0%25EB%258B%25A4.%2520(2009)/Running.Turtle.2009.1080p.NF.WEB-DL.DD5.1.x264-NTb.mkv
[drakorkita.com]_Running.Man.E461.190728.HDTV ... - WhatsTools,https://www.whatstools.com/d/dosnu_agluennhos/%255Bdrakorkita.com%255D_Running.Man.E461.190728.HDTV.H264.540p-SS.mkv
Tehran S01E08 Five Hours Until The Bombing Run 720p ... - FileMoon,https://filemoon.sx/d/qz1wten4o64j/Tehran.S01E08.Five.Hours.Until.The.Bombing.Run.720p.x265.Hebrew.English.Msubs.MoviezVerse.com.mkv
دانلود Kate Bush - Running Up That Hill.mkv - آپلود فایل,https://uupload.ir/view/99lc_kate_bush_-_running_up_that_hill.mkv
[SHANA]Running.Man.E517.200823.540p-NEXT.mkv - Solidfiles,http://s02.solidfilesusercontent.com/OTdlNjgyNzM3NWMxMWViODI5MjVkNDY0Njg5NDczOTBlYjNiZDJlNToxbXN6eGc6aERnaDhtcHpsdXp4OEFyRVZRQnBwRDlRbmIw/AB2wMepBmpzmz/%255BSHANA%255DRunning.Man.E517.200823.540p-NEXT.mkv
الفيلم الوثائقي مخلوق للهرب Born to Run مترجم - اكوام - { الموقع القديم },https://old.akwam.to/watching/f6baa6a536c6/DEADLY.JAWS.Holly.HD.akoam.net.mkv
08.02 Run-time environments: static layout - INF5110 - Vår 2021 - UiO,https://www.uio.no/studier/emner/matnat/ifi/INF5110/v21/forelesningsvideoer/08-02-runtimeenvs-staticlayout.mkv%3Fvrtx%3Dview-as-webpage
[drakorkita.com] Running.Man.E468.190915.HDTV ... - Seesaa Wiki,https://seesaawiki.jp/hillconfmocec/d/%255Bdrakorkita.com%255D%2520Running.Man.E468.190915.HDTV.H264.720p-SS.mkv
a software tool for analysis of Biomembrane Force Probe experiments,https://europepmc.org/articles/pmc5304404/bin/13628_2016_33_moesm1_esm.mkv
PRSKMHD (2019) www.SkymoviesHD.Run 480p BluRay Hindi Fan ...,https://nyouprecventproc.memo.wiki/d/PRSKMHD%2520%25282019%2529%2520www.SkymoviesHD.Run%2520480p%2520BluRay%2520Hindi%2520Fan%2520Dubbed%2520x264%2520AAC.mkv
in.mkv - Translation into Spanish - examples English,https://context.reverso.net/translation/english-spanish/in.mkv
[大河恋].A River.Runs.Through.It.1992.BluRay.720p.x264.AC3 ...,https://alist.wej.cc/videos/1750%25E9%2583%25A8%2520%25E5%259C%25A8%25E7%25BA%25BF%25E8%25A7%2582%25E7%259C%258B%25E7%2594%25B5%25E5%25BD%25B1/%25E7%25AC%25AC04%25E9%2583%25A8%25E5%2588%2586/%5B%25E5%25A4%25A7%25E6%25B2%25B3%25E6%2581%258B%5D.A%2520River.Runs.Through.It.1992.BluRay.720p.x264.AC3.2Audios-CMCT.mkv
S韩剧 - 私人网盘管理目录,https://www.819999.xyz/hanju/%25E7%25BB%25BC%25E8%2589%25BA/Running%2520Man%2520(2010)/2018/Running.Man.E425.mkv%3Fpreview
S韩剧 - 私人网盘管理目录,https://www.819999.xyz/hanju/%25E7%25BB%25BC%25E8%2589%25BA/Running%2520Man%2520(2010)/2015/Running.Man.E243.mkv%3Fpreview
"Order! Run, Don't Hesitate! Big Examination.mkv - 日韩动画- 资源站","https://apps.weixinqqq.com/rihandonghuass/%5BCBB%5D%2520%25E8%2587%25B3%25E9%25AB%2598%25E6%258C%2587%25E4%25BB%25A4/02%2520-%2520Order!%2520Run,%2520Don't%2520Hesitate!%2520Big%2520Examination.mkv%3Fpreview"
Rick.and.Morty.S02E02.Mortynight.Run.1080p.HEVC.10bit.mkv,https://drive.sysy.su/%25E5%258A%25A8%25E6%25BC%25AB/Rick.and.Morty.%25E7%2591%259E%25E5%2585%258B%25E5%2592%258C%25E8%258E%25AB%25E8%2592%2582.HEVC.10bit/Rick.and.Morty.%25E7%2591%259E%25E5%2585%258B%25E5%2592%258C%25E8%258E%25AB%25E8%2592%2582.S02.HEVC.10bit/Rick.and.Morty.S02E02.Mortynight.Run.1080p.HEVC.10bit.mkv
[大只佬(国粤双语)].Running.on.Karma.2003.720p.BluRay.x264.AC3 ...,https://6vv.app/366.me%2520%25E6%2581%2590%25E6%2580%2596%25E7%2589%2587%25E5%25A4%25A7%25E5%2585%25A8/%5B%25E5%25A4%25A7%25E5%258F%25AA%25E4%25BD%25AC(%25E5%259B%25BD%25E7%25B2%25A4%25E5%258F%258C%25E8%25AF%25AD)%5D.Running.on.Karma.2003.720p.BluRay.x264.AC3-CMCT.mkv
ERROR - DnsLinPan,https://pan.dnslin.com/one/%25E8%25A7%2586%25E9%25A2%2591/%25E6%2588%2590%25E9%25BE%2599%25E5%2590%2588%25E9%259B%2586/The.Cannonball.Run.1981.BluRay.1080p.x265.10bit.MNHD-FRDS.mkv
Download Lucky.Luke.The.Daltons.on.the.Run.1983.720p.Farsi ...,http://vip.movietoons.ir/s1/Lucky.Luke.The.Daltons.on.the.Run.1983.720p.Farsi.Dubbed(2Dooble).mkv
Movies - XzQT Index,https://xzqt.live/0:/www.1TamilMV.run%2520-%2520KGF%2520%25282018%2529%2520Tamil%2520TRUE%2520WEB-DL%2520-%25201080p%2520-%2520AVC%2520-%2520%2528DD%252B5.1%2520-%2520640Kbps%2520%2526%2520AAC%2529%2520-%25208.4GB%2520-%2520ESub.mkv%3Fa%3Dview
Running.Wild.1927.720 p.mkv - NitroFlare - Upload Files,http://nitroflare.com/view/85F1781B13B4AB2/Running.Wild.1927.720p.mkv
run the world s01e03 720p web hevc x265 mkv - Sdilej.cz,https://sdilej.cz/17094819/run.the.world.s01e03.720p.web.hevc.x265.mkv
Le Corsaire - 30 second promotional video - YouTube.MKV,https://www.xv-videos1.com/video31128965/le_corsaire_-_30_second_promotional_video_-_youtube.mkv
"Ďáblovi běžci ( Running with the Devil 2019 ) CZ dabing ,HDTV ...",https://sdilej.cz/13163406/dablovi-bezci-running-with-the-devil-2019-cz-dabing-hdtv-1080p-.mkv
(CM) The Running Man (1987) 1080p BluRay x265 10bit AAC 5.1 ...,https://megaup.net/36R3q/(CM)_The_Running_Man_(1987)_1080p_BluRay_x265_10bit_AAC_5.1-Nyein.mkv
bezici-muz.the-running-man.cz.eng.1987.1080p.bluray.x264.dts.ac3.,https://www.fastshare.cz/19193154/bezici-muz.the-running-man.cz.eng.1987.1080p.bluray.x264.dts.ac3.-erwinrommel-1944-tonyhd.mkv
desimasala.co - Julia Julia Kaheke (y. huge cleavage show song ...,https://www.thumbzillaly.com/video-hpcl530/desimasala.co_-_julia_julia_kaheke_y._huge_cleavage_show_song_.mkv
Download Looney.Tunes.Rabbits.Run.2015.720p.Web-Dl ... - Trainbit,https://trainbit.com/files/5364667884/Looney.Tunes.Rabbits.Run.2015.720p.Web-Dl.Farsi.Dubbed-Bi-3-Seda.Ir.mkv
https://drop.download/5iw08d9zx94n/Running.Man.E61...,https://drop.download/5iw08d9zx94n/Running.Man.E618.220828.720p-RR.mkv
EP 3 SHEHU!K S01 1080pp HD DesireMoVies.Run (1).mkv,https://letsupload.io/6CGDU/EP_3_SHEHU!K_S01_1080pp_HD_DesireMoVies.Run_(1).mkv
RMPGSKMHD (2018) www.SkymoviesHD.Run 720p HEVC BluRay ...,https://anonfiles.com/H4Wad8d6ob/727eb5bc-1582809978/RMPGSKMHD%2520(2018)%2520www.SkymoviesHD.Run%2520720p%2520HEVC%2520BluRay%2520Dual%2520Audio%2520x265%2520ESUb.mkv
Details for: [HorribleSubs] BTOOOM! - 04 [480p].mkv - The Pirate Bay,https://pirateproxy.app/torrent/7762532/%5BHorribleSubs%5D_BTOOOM__-_04_%5B480p%5D.mkv
