Swigs of Science - Buzzsprout,https://feeds.buzzsprout.com/1746883.rss
Resus Now - Buzzsprout,https://feeds.buzzsprout.com/1212926.rss
