[DOC] 5-18-17 WELD minutes - Clark College,https://www.clark.edu/advisory/weld/weld-minutes5-18-17.docx
[DOC] WELDING TECHNOLOGY ADVISORY COMMITTEE - MINUTES ...,https://www.clark.edu/advisory/weld/weldingmay18minutes.docx
[DOC] STALIN'S TANKS PLUS ONE - by Brian R. Train - Stalin's Tanks (ST ...,https://brtrain.files.wordpress.com/2018/03/stanks.docx
[DOC] Haywood Road Junction Realignment Planning Application.,https://planning.warwickshire.gov.uk/swiftlg/apas/run/WCHDISPLAYMEDIA.showImage%3FtheSeqNo%3D13821%26theApnkey%3D7848%26theModule%3D1
[DOC] Ocean City High School Second Marking Period Honor Roll 2016 ...,https://ocnjdaily.com/wp-content/uploads/2017/02/Honor-Roll-2nd-MP-16-17.docx
[DOC] 9 th Grade Honors - OCNJ Daily,https://ocnjdaily.com/wp-content/uploads/2018/02/Honor-Roll-2nd-MP-17-18.docx
[DOC] Series 0500 - Drainage Specification (formerly Series 0500 ...,https://ec.europa.eu/growth/tools-databases/tris/ro/index.cfm/search/%3Ftrisaction%3Dsearch.detail%26year%3D2019%26num%3D521%26dLang%3DEN
[DOC] Annex A - Working Group - IEEE,https://grouper.ieee.org/groups/transformers/meetings/F2017-Louisville/Minutes/F17-AnnexK-PowerTransformersSC.docx
[DOC] MUNICIPAL DEVELOPMENT FUND OF GEORGIA (MDF),http://documents1.worldbank.org/curated/en/120291489500380419/SFG3124-EA-P130421-Box402894B-PUBLIC-Disclosed-3-9-2017.docx
[DOC] THE WILDFOWL & WETLANDS TRUST,https://jobs.wwt.org.uk/vacancies/477/senior_grounds_warden/download/Senior_Grounds_Warden.docx
