[PPT] Reading Booklet Exemplar - Funky Pedagogy,https://funkypedagogy.com/wp-content/uploads/2021/09/Y9-Reading-Booklet-SHARE.pptx
