[PPT] Experimental Research Strategy,http://www.u.arizona.edu/~dusana/psych290Bpresession06/notes/Ch7%2520Experimental%2520Research%2520Strategy.ppt
[PPT] Nutrition - Elgin Park Computers,http://www.elginpk.com/worsley0910_3/phillips.ppt
