"[PPT] Human Albumin: Physiology, Pathophysiology and Clinical ...",https://f1000research.com/assets/download/1097473
[PPT] Albumin HLE platform - d2cax41o7ahm5l.cloudfront.ne…,https://d2cax41o7ahm5l.cloudfront.net/cs/speaker-ppts/mikael-bjerg-caspersen-novozymes-biopharma-uk-2030574079.pptx
[PPT] Hypoalbuminaemia as a possible biomarker of gastro-intestinal ...,https://sonopath.com/sites/default/files/uploads/ecvim_presentation_hypoalbuminemia_as_a_possible_biomarker_of_gastro-intestinal_lymphoma_in_cats_2018.pptx
[PPT] The Truth about Serum Proteins - nehoua,http://nehoua.org/uploads/3/4/1/6/34160641/2019_the_truth_about_serum_proteins.toronto.pptx
[PPT] Exogenous Albumin Peptides Influence the Processing of Albumin ...,https://www.karger.com/Article/Powerpoint/64477
[PPT] Serum Albumin at Start of Peritoneal Dialysis Predicts Long-Term ...,https://www.karger.com/Article/Powerpoint/492426
"[PPT] TYPES OF IV FLUIDS Hypotonic, Isotonic and Hypertonic solutions",https://med.pdn.ac.lk/groups/lecture_notes/Dr_Parakramawansha/Y3S1/Drugs%2520in%2520Endocrine%2520Diseases/ORS%2520and%2520IV%2520Fluids(Handout).ppsx
[PPT] 3. Precipitation of protein by salts of heavy metals,https://fac.ksu.edu.sa/sites/default/files/lab2_protein_i_.pptx
[PPT] Thank You,https://journals.lww.com/md-journal/fulltext/2017/06160/albumin_bilirubin__albi__score_at_admission.27.aspx%3FPpt%3DArticle%257Cmd-journal:2017:06160:00027%257C10.1097/md.0000000000007142%257C
[PPT] Thank You,https://journals.lww.com/md-journal/fulltext/2016/03010/impact_of_albumin_on_coagulation_competence_and.12.aspx%3FPpt%3DArticle%257Cmd-journal:2016:03010:00012%257C10.1097/md.0000000000002720%257C
