Ecstatic Places - JSTOR,https://www.jstor.org/stable/pdf/41514755.pdf
Approaching the Ecstatic - jstor,https://www.jstor.org/stable/40350413
michel foucault's ecstatic thinking - SAGE Journals,https://journals.sagepub.com/doi/pdf/10.1177/019145378701200205
Cummings's from Spiralling Ecstatically This,https://www.tandfonline.com/doi/pdf/10.1080/00144940.1991.11484085
[PDF] A Cartography of the Ecstatic and Meditative States - Wisebrain.org,https://www.wisebrain.org/papers/MapofMedEcstaticStates.pdf
“They are not the words of a rational man”: ecstatic prophecy in ...,https://www.degruyter.com/document/doi/10.1515/9783110557596-005/pdf
The Black Ecstatic - Project MUSE,https://muse.jhu.edu/article/696685/pdf
[PDF] Epilepsy and Ecstatic Experiences: The Role of the Insula - MDPI,https://www.mdpi.com/2076-3425/11/11/1384/pdf
The Ecstatic Eye A photograph covers a book. But before the text is ...,https://dennymoers.com/wp/wp-content/uploads/The-Ecstatic-Eye-CD-Wright.pdf
[PDF] Basic Tenets of Ecstatic Dance,https://ecstaticdance.org/%3Fjet_download%3D7430
Christology and the Ecstatic 1 by Robert P. Scharlemann (review),https://muse.jhu.edu/article/637549
[PDF] The Ecstatic Edge of Politics: Sociology and Donald Trump,https://sociology.berkeley.edu/sites/default/files/faculty/hochschild/The%2520Ecstatic%2520Edge%2520of%2520Politics_%2520Sociology%2520and%2520Donald%2520Trump.pdf
[PDF] Ecstatic Music®,https://www.kaufmanmusiccenter.org/images/uploads/content/mh_EcstaticSethREVISED_05252021_05232021FINAL..pdf
[PDF] 1.-Ecstatic-Waters-SETUP-and-TECH-info.pdf - Steven Bryant,https://www.stevenbryant.com/wp-content/uploads/2015/03/1.-Ecstatic-Waters-SETUP-and-TECH-info.pdf
[PDF] Ecstatic about,https://wrec.net/wp-content/uploads/Ecstatic_Electricity_Seminole_Electric.pdf
[PDF] The ecstatic-poetic phenomenology of Jennifer Anna Gosetti-Ferencei,https://journals.library.ualberta.ca/pandpr/index.php/pandpr/article/download/20108/15577/48892
[PDF] Ecstatic alphabEts/hEaps of languagE is a group exhibition ... - MoMA,https://www.moma.org/interactives/exhibitions/2012/ecstaticalphabets/wp-content/uploads/2012/05/Hoptman_PDF.pdf
[PDF] The Ecstatic Music of Alice Coltrane,https://www.bam.org/media/14166811/The-Ecstatic-Music-of-Alice-Coltrane.pdf
[PDF] Once Upon A Time: Looking to the Ecstatic Past for Queer Futurity,http://liminalities.net/9-2/cosenza.pdf
[PDF] Ecstatic Religion An Anthropological study of Spirit Possession and ...,https://www.anthro.ox.ac.uk/sites/default/files/anthro/documents/media/jaso2_2_1971_br.pdf
"[PDF] ecstatic donne: conscience, sin, and surprise in the ""sermons"" and the",https://www.uvic.ca/humanities/english/assets/docs/ECSTATIC%2520DONNE.pdf
A Cartography of the Ecstatic and Meditative States - Science,https://www.science.org/doi/pdf/10.1126/science.174.4012.897
[PDF] The role of the dorsal anterior insula in ecstatic sensation revealed ...,https://www.sciencedirect.com/science/article/am/pii/S1935861X1930230X
[PDF] The Ecstatic Edge of Politics: Sociology and Donald Trump,https://www.asanet.org/sites/default/files/attach/journals/nov165csfeature.pdf
[PDF] The Ascetic and the Ecstatic: The Limits of Pleasure,https://www.duq.edu/assets/Documents/philosophy/calendar/GSIP_Conference_2019_Program.pdf
[PDF] Ecstatic Resilience | Recess Art,https://recessart.org/wp-content/uploads/EsctaticResilience.pdf
"[PDF] A Companion to Ecstatic Utterances Jim Simmons, M.Div., M.M. ...",https://baylor-ir.tdl.org/baylor-ir/bitstream/handle/2104/8595/Ecstatic%2520Utterances%2520Explained%2520Thesis.pdf%3Fsequence%3D1
[PDF] Herzog.pdf - Boston University,https://www.bu.edu/arion/files/2010/03/Herzog.pdf
Ecstatic Dissent - The University of Chicago Press: Journals,https://www.journals.uchicago.edu/doi/pdf/10.2307/2863745
[PDF] Ecstatic epileptic seizures - CiteSeerX,https://citeseerx.ist.psu.edu/viewdoc/download%3Fdoi%3D10.1.1.476.3900%26rep%3Drep1%26type%3Dpdf
[PDF] ECSTATIC - UW Tacoma Digital Commons,https://digitalcommons.tacoma.uw.edu/cgi/viewcontent.cgi%3Farticle%3D1688%26context%3Dtahoma_west
[PDF] ecstatic resistance curated by emily roysdon - Tensta konsthall,http://www.tenstakonsthall.se/site/wp-content/uploads/2012/01/Ecstatic_Resistance_Emily_Roysdon.pdf
[PDF] Ecstatic birth ebook w - Dr Sarah Buckley -,http://sarahbuckley.com/wp-content/uploads/2014/02/Ecstatic-birth-ebook-w.pdf
[PDF] Dancing ecstatically betwixt Nietzsche's Apollo and Dionysus - PRISM,https://prism.ucalgary.ca/bitstream/handle/1880/40916/65034Friesen.pdf%3Fsequence%3D1
[PDF] Werner Herzog's Ecstatic Truth - Existenz,https://existenz.us/volumes/Vol.15-1Mitcheson.pdf
[PDF] ECSTATIC SAMBA - eScholarship,https://escholarship.org/content/qt7v11h1km/qt7v11h1km_noSplash_21a37e1a98aa83ec8c74d30af31890bb.pdf
"[PDF] “It's very beautiful,” exclaimed Artemis ecstatically. Her father had ...",https://aadl.org/files/itsallwrite/the_amulet_of_vadla.pdf
[PDF] The Ecstatic Self as Creative Process and Product in the Poetry of ...,https://scholarworks.iu.edu/journals/index.php/plath/article/download/4774/4407/14684
[PDF] The Restorative Effects of Ecstatic Dance: A Qualitative Study,https://esource.dbs.ie/bitstream/handle/10788/2284/ba_rooke_j_2014.pdf%3Fsequence%3D1%26isAllowed%3Dy
[PDF] Guide for Starting an Ecstatic Dance - Foundation for Conscious Living,https://foundationforconsciousliving.org/wp-content/uploads/How-to-Start-an-Ecstatic-Dance.pdf
[PDF] The Professional Ecstatic in His Social and Ritual Position - Journal.fi,https://journal.fi/scripta/article/view/67135/27433
[PDF] My son is ecstatic to begin his dream of attending Maine Maritime ...,https://legislature.maine.gov/testimony/resources/EDU20210506Hayes132647315485541880.pdf
[PDF] Going Berserk - Digital Commons @ CIIS,https://digitalcommons.ciis.edu/cgi/viewcontent.cgi%3Farticle%3D1478%26context%3Dijts-transpersonalstudies
[PDF] Archiving Ecstatic Performance in Stephen Crane,https://scholarship.haverford.edu/cgi/viewcontent.cgi%3Farticle%3D1201%26context%3Denglish_facpubs
IN i Cor. xii-xiv the New English Bible has 'ecstatic utterance' or a,https://academic.oup.com/jts/article-pdf/XVII/2/299/9852682/299.pdf
[PDF] 2019 DAASI Employer Invitation Letter.pdf - Johns Hopkins Medicine,https://www.hopkinsmedicine.org/som/pathway/DAASI/2019%2520DAASI%2520Employer%2520Invitation%2520Letter.pdf
"Magic, Ecstatic, Nomadic: Arctic Primitivism in Scandinavia around ...",https://www.carsoncenter.uni-muenchen.de/download/staff_and_fellows/projects/project_eglinger-.pdf
[PDF] THE DECLINE OF ECSTATIC PROPHECY IN THE EARLY CHURCH,http://cdn.theologicalstudies.net/37/37.2/37.2.2.pdf
[PDF] Crossing cultural boundaries and ecstatic transformation,https://ro.ecu.edu.au/cgi/viewcontent.cgi%3Farticle%3D1002%26context%3Dcsound
Umpire 'ecstatic' at second shot at Junior League World Series,http://www.cityoftaylor.com/Archive/ViewFile/Item/236
[PDF] Meta Me on an Ecstatic Walk with Hansel and Gretel,https://scholarworks.umb.edu/cgi/viewcontent.cgi%3Farticle%3D1378%26context%3Dcct_capstone
"[PDF] PARODY, CLIFFORD, MFA Our Sad Ecstatic Mouths. (2015)",https://libres.uncg.edu/ir/uncg/f/Parody_uncg_0154M_11700.pdf
[PDF] Ecstatic Cahoots - WTTW News,https://news.wttw.com/sites/default/files/article/file-attachments/ecstatic%2520cahoots_startofsomething.pdf
[PDF] 'ECSTATIC' SWEENEY WINS MAJOR CHANGES IN SCHOOL ...,https://www.krsd.org/cms/lib/NJ01912751/Centricity/Domain/375/Ecstatic%2520Sweeney%2520Wins%2520Major%2520Changes%2520in%2520School%2520Funding%25207.2.18.pdf
[PDF] Type Inference for Ruby Using the Cartesian Product Algorithm,https://projekter.aau.dk/projekter/files/61071016/1181807983.pdf
Brain Stimulation Journal,https://www.brainstimjrnl.com/article/S1935-861X(19)30230-X/pdf
RUMI: Turning Ecstatic,http://www.choicesvideo.net/guidebooks/Rumi%2520Guidebook.pdf
[PDF] “. . . in ecstatic cahoots”: Nick's Authoring of Gatsby,https://www.wsfcs.k12.nc.us/cms/lib/NC01001395/Centricity/Domain/651/In%2520Ecstatic%2520Cahoots.pdf
[PDF] The Hymn's Role in Encountering Mystery in Liturgical Worship,https://ejournals.bc.edu/index.php/lumenetvita/article/download/10507/9041/
"[PDF] Diabetes, Chronic Illness and the Bodily Roots of Ecstatic Temporality",https://spectrum.library.concordia.ca/6402/1/Chronic_Illness_HS_Preprint.pdf
[PDF] Area officials ecstatic over plans for new Panama City Beach ...,https://med.fsu.edu/sites/default/files/news-publications/print/Panama%2520City%2520Beach%2520Florida%2527s%2520upcoming%2520hospital%2520a%2520hit%2520among%2520officials_0.pdf
[PDF] Ecstatic Syllabi: Four Poems - Scholarship @ Claremont,https://scholarship.claremont.edu/cgi/viewcontent.cgi%3Farticle%3D1453%26context%3Djhm
[PDF] Ecstatic Bodies in the 19th and 20th Centuries,http://bodypolitics.de/en/wp-content/uploads/2017/05/cfp_ecstatic-bodies.pdf
"[PDF] Saving Whitehead's Universe of Value: An ""Ecstatic"" Challenge to ...",https://connect.gonzaga.edu/asset/file/256/2005henning_ecstatic_challenge.pdf
[PDF] First homeless vet to receive HCV is “ecstatic”,http://www.pha.phila.gov/media/2564/issue18.pdf
"[PDF] Ulrike Wiethaus, Ecstatic Transformation: Transpersonal Psychology ...",https://scholarworks.wmich.edu/cgi/viewcontent.cgi%3Farticle%3D1411%26context%3Dmff
[PDF] ANDREW HOLMQUIST Ecstatic Time Los Angeles - Artforum,https://artforum.com/uploads/guide.006/id04482/press_release.pdf
With a national election looming - The Lancet,https://www.thelancet.com/pdfs/journals/lancet/PIIS0140-6736(05)61583-8.pdf
[PDF] Induction of Ecstatic Lucid Dreams DARYL E. HEWITT San ...,https://journals.macewan.ca/lucidity/article/download/415/326/1526
[PDF] Plotinus and the Ecstatic State. - OpenSIUC,http://opensiuc.lib.siu.edu/cgi/viewcontent.cgi%3Farticle%3D3454%26context%3Docj
[PDF] Gains without pains? Growth after positive events,https://scottbarrykaufman.com/wp-content/uploads/2021/04/roepke2013.pdf
[PDF] Flywheel Strategic,https://www.flywheelstrategic.com/docs/default-source/downloads/2021/journey-map-template---fillable.pdf%3Fsfvrsn%3Dc7ab7c61_3
[PDF] Ecstatic and gelastic seizures relate to the hypothalamus - DiVA portal,https://www.diva-portal.org/smash/get/diva2:1429534/FULLTEXT01.pdf
Ecstatic about RAVE - Nature,https://www.nature.com/articles/nrd759.pdf%3Fproof%3Dt%25C2%25A0
The Emergence of an Ecstatic-materialist Perspective as a Cross ...,https://www.cambridge.org/core/services/aop-cambridge-core/content/view/5D07F99B386BFB642F881FF7B1FB1178/S1355771817000437a.pdf/the-emergence-of-an-ecstatic-materialist-perspective-as-a-cross-genre-tendency-in-experimental-music.pdf
[PDF] Inference as growth: Peirce's ecstatic logic of illation,http://scholar.uwindsor.ca/cgi/viewcontent.cgi%3Farticle%3D1047%26context%3Dossaarchive
ecstatic religion in the roman cult of mithras - Brill,https://brill.com/downloadpdf/book/edcoll/9789004248526/B9789004248526_008.pdf%3FpdfJsInlineViewToken%3D923523614%26inlineView%3Dtrue
Hypothesis: entatic versus ecstatic states in metalloproteins,https://pubs.rsc.org/en/content/articlepdf/2019/mt/c9mt00208a
[PDF] Manifestations Of Physical And Ecstatic Love In Medieval Passion ...,https://www.unige.ch/cisa/isre2015/sites/default/files/Missoni.pdf
"ecstatic, orgasmic, and musicogenic seizures. Stendhal syndrome ...",https://www.elsevier.es/index.php%3Fp%3Drevista%26pRevista%3Dpdf-simple%26pii%3DS2173580818300634%26r%3D495
Partial epilepsy with ''ecstatic'' seizures,https://www.epilepsybehavior.com/article/S1525-5050(03)00276-2/pdf
Conversion via Ecstatic Experience in Ramon Llull's Llibre del gentil ...,https://www.brepolsonline.net/doi/pdf/10.1484/J.VIATOR.2.300834
[PDF] Ecstatic Dance By Karen Berggren “Everyone is dying to live ...,http://michellemahrerdance.com/articles-and-links/EcstaticDancebyKarenBerggren.pdf
[PDF] 'Ecstatic Alphabets/Heaps of Language' at MoMA - Nicole Klagsbrun,http://nicoleklagsbrun.com/uploads/press_release/attachment/80/JG_NYTimes_2012.pdf
[PDF] “. . . in ecstatic cahoots”: Nick's Authoring of Gatsby,https://www.atlantisjournal.org/old/ARCHIVE/32.1/2010FarrantBevilacqua.pdf
[PDF] Visionary Plants and Ecstatic Shamanism - Penn Museum,https://www.penn.museum/documents/publications/expedition/PDFs/46-1/Visionary%2520Plants.pdf
"[PDF] Ecstatic Experience in Pentecostal ism and Popular Music , by Mark ...",https://relegere.org/relegere/article/view/693/782
[PDF] The Ecstatic Path To Healing In Psychotherapy,https://www.wfmt.info/Musictherapyworld/modules/mmmagazine/issues/20040225084519/20040225085305/MTT5_2_Gore.pdf
"[PDF] Andrew Russeth on the Year in, and Beyond, the Galleries | ARTnews",https://www.michaelrosenfeldart.com/www_michaelrosenfeldart_com/ArtNews_December_30_2014.pdf
"[PDF] From ""social movement"" to ""Ecstatic Resistance"" - Public",https://public.journals.yorku.ca/index.php/public/article/viewFile/30390/27917
