"[PPT] Pillar 2 – practical aspects, GloBE, GILTI and US tax reform Pillar Two",https://www.ibanet.org/medias/IBA-New-Era-Dublin-Pillar-2-GILTI-FINAL.PPTX%3Fcontext%3DbWFzdGVyfENvbmZlcmVuY2UtbWF0ZXJpYWxzfDIyMzMxODd8YXBwbGljYXRpb24vdm5kLm9wZW54bWxmb3JtYXRzLW9mZmljZWRvY3VtZW50LnByZXNlbnRhdGlvbm1sLnByZXNlbnRhdGlvbnxoNzQvaDBhLzg4NTE5MjA0ODY0MzAvSUJBIE5ldyBFcmEgRHVibGluIC0gUGlsbGFyIDIgXyBHSUxUSV9GSU5BTC5QUFRYfDA2NDY3NDhlNjI4OWE5ZmRjNDI4M2Q2MzMzZDJlY2Q0OGVjYjliOGJiYWZmMTQ3ZThhZjM1NDU0MTZkMTVhNTc%26attachment%3Dtrue
[PPT] Presentation Pillar 2 and the global 15 per cent corporate minimum tax,https://www.ibanet.org/medias/Pillar-2-and-the-global-15-corporate-minimum-tax.pptx%3Fcontext%3DbWFzdGVyfENvbmZlcmVuY2UtbWF0ZXJpYWxzfDExNDc4NTR8YXBwbGljYXRpb24vdm5kLm9wZW54bWxmb3JtYXRzLW9mZmljZWRvY3VtZW50LnByZXNlbnRhdGlvbm1sLnByZXNlbnRhdGlvbnxoOWEvaDI1Lzg4NTc4ODc4MzQxNDIvUGlsbGFyIDIgYW5kIHRoZSBnbG9iYWwgMTUlIGNvcnBvcmF0ZSBtaW5pbXVtIHRheC5wcHR4fGFjOWY5MmFjMDJhMWFkZGQ1MzY2MzZkODdmNTViM2ExYTNkZGY5ZTAyYmI3MjYxMzI4NjAwM2E3MmIxZDBlNjM%26attachment%3Dtrue
[PPT] Update on US Tax Reform and Proposals,https://piacweb.org/uploaded/web/Webinar/2021%252009%252023%2520US%2520Tax%2520Reform%2520Slides%2520(Pension).pptx
[PPT] Headline goes here,https://www.taxjustice-and-poverty.org/fileadmin/Dateien/Taxjustice_and_Poverty/AwarenessJoint/NairobiConference/LawsonPPT.pptx
[PPT] PowerPoint Presentation - IAI,http://www.iaiglobal.or.id/v03/files/file_publikasi/Andrew%2520Presentation1.pptx
[PPT] Friends of the chair for broader measures of progress,https://seea.un.org/sites/seea.un.org/files/lg23_10._fossil_fuel_subsidies_climate_statistics_viveka_palm.pptx
[PPT] DATA VISUALIZATION,https://statsf18.classes.andrewheiss.com/slides/MPA-630_2018-10-25.pptx
[PPT] PATHWAYS TO A UNIVERSAL BASIC INCOME GUARANTEE,https://www.iej.org.za/wp-content/uploads/2022/01/UBIG-pathways-presentation-to-meeting-with-President-shorter-version.pptx
[PPT] Webinar – Pillar Two OCSE 19 novembre 2021 - ODCEC Roma,https://www.odcec.roma.it/index.php%3Foption%3Dcom_wbmfm%26format%3Draw%26cod%3DMjk4NjA%3D
[PPT] [Case Update] Burton v Commissioner of Taxation [2019] FCAFC 141,https://foleys.com.au/resources/G.redenbach%2520-%2520International%2520Tax%2520Update.pptx
[PPT] AEO2010 Macro Presentation - Brussels Briefings,http://brusselsbriefings.net/brusselsbriefings.files.wordpress.com/2010/08/de-paepe-ppt-en1.pptx
[PPT] Föderalismusreform 04 – Föderalismusmentoring 12 - Beni Würth,https://www.beni-wuerth.ch/files/ReferatFo%25CC%2588deralismusBodania210322.pptx
