[DOC] General FAQs.doc - The Intellectual Property Regulation Board,https://ipreg.org.uk/sites/default/files/General%2520FAQs.doc
[DOC] HOLP FAQs.doc - The Intellectual Property Regulation Board,https://ipreg.org.uk/sites/default/files/HOLP%2520FAQs.doc
[DOC] Department of Human Services.doc,https://www.dgs.pa.gov/About/Documents/Commonwealth%2520Directory%2520Files/Department%2520of%2520Human%2520Services.doc
[DOC] HOLP koolituse päevakava_12.09.2018.doc - Sisekaitseakadeemia,https://www.sisekaitse.ee/sites/default/files/inline-files/HOLP%2520koolituse%2520p%25C3%25A4evakava_12.09.2018.doc
[DOC] Ajakava_7. märts 2019.doc - Sisekaitseakadeemia,https://www.sisekaitse.ee/sites/default/files/inline-files/Ajakava_7.%2520m%25C3%25A4rts%25202019.doc
[DOC] 1st ANNUAL CODY HOLP,https://img1.wsimg.com/blobby/go/bf1003d3-c25b-4bc9-bd11-70fcf411a048/downloads/CODY_HOLP_GOLF_FLYER_2021.doc%3Fver%3D1626728165882
[DOC] criteria and guidelines - The Bar Standards Board,https://www.barstandardsboard.org.uk/uploads/assets/01bcf357-7bb1-46e4-a24444292b87d072/Review-Guidelines-Entity-Authorisation-Oct-2021.doc
[DOC] Context clues—Romeo and Juliet - Amazon AWS,https://currikicdn.s3-us-west-2.amazonaws.com/resourcedocs/55c3128fa98bc.doc
[DOC] Men's Track 1910-1911 School Year,https://athletics.mpls.k12.mn.us/uploads/track-men_1910-1911.doc
[DOC] Public Health Research Tools and Learning Resources Global ...,https://www.springerpub.com/media/springer-downloads/Lueddeke_32024_Public%2520Health%2520Research%2520Tools.doc
[DOC] China Securities Market Practice Templates for Settlement,https://www.smpg.info/fileadmin/documents/3_Settlement%2520and%2520Reconciliation%2520WG/B_Local_Market_Practices/China/1.2_NMPG_CN_work_flows_S_R_201911.doc
[DOC] Client is entitled to rehypothecate their rev repo positions via all ...,https://www.citibank.com/mss/dcc/swift/iso_15022/docs/2011/usdccrepomt535.doc
[DOC] Valga Lasteaed Pääsuke hädaolukorra lahendamise plaan,https://www.paasuke.valga.ee/userfiles/Valga%2520Lasteaed%2520P%25C3%25A4%25C3%25A4suke%2520h%25C3%25A4daolukorra%2520lahendamise%2520plaan.doc
[DOC] The Comedy of Errors - The Folger SHAKESPEARE,https://shakespeare.folger.edu/downloads/doc/the-comedy-of-errors_DOC_FolgerShakespeare.doc
[DOC] King Lear - The Folger SHAKESPEARE,https://shakespeare.folger.edu/downloads/doc/king-lear_DOC_FolgerShakespeare.doc
[DOC] Shemini Shemini 20 Adar 5771 Leadership Through Self ...,https://eretzhemdah.org/Data/UploadedFiles/Mails_Files/1116-sFile.doc
[DOC] ABBA - Seattle Scrabble Club,http://www.seattlescrabble.org/gr8white/owl3/4-no-3.doc
[DOC] Much Ado About Nothing,https://web.uniroma1.it/seai/sites/default/files/2015-2016%2520Much%2520Ado%2520About%2520Nothing.atto%25201%2520scena%25201.doc
[DOC] UZNESENIE č - Baškovce,https://www.obecbaskovce.sk/uploads/Z%25C3%25A1pisnica%2520zo%25204.%2520zasadnutia%2520OZ%252010.5.2015.doc
[DOC] fungsi teknis lalu lintas,http://lemdik.polri.go.id/index.php%3Fp%3Dfstream%26fid%3D5721%26bid%3D828
