Lane sisters.FLV - XVIDEOS.COM,https://www.xvideos4.com/video15450423/lane_sisters.flv
sexy amateur brunette having good time(1).flv - XVIDEOS.COM,https://www.xvideos2.com/video2536385/sexy_amateur_brunette_having_good_time_1_.flv
Coach Mike Phillips Talks Emory Golf,https://www.emoryathletics.com/sports/golf/2010-11/Video/phillips(323).flv
Sexy Asian Camgirls - Girlshowcam.com .FLV - XVIDEOS.COM,https://fr-shemale.xvideoshq.tv/video28427341/16/camgirls_sexy_asiatiques_-_girlshowcam.com_.flv
Who Is She.flv - xxx Mobile Porno Videos & Movies - iPornTV.Net,http://iporntv.net/download/16915049/who-is-she.flv
Who Is She.flv - xxx Mobile Porno Videos & Movies - iPornTV.Net,http://iporntv.net/download/23291885/who-is-she.flv
Lane sisters.FLV - XVIDEOS.COM,https://in-gay.sexu.mx/video15450423/lane_sisters.flv
Nina video Virtual missionary.FLV - XVIDEOS.COM,https://www.xvideos5.com/video5162078/nina_video_virtual_missionary.flv
Lane sisters.FLV - XVIDEOS,https://qqavqq.com/video15450423/lane_sisters.flv
Lane sisters&period;FLV - XVIDEOS.COM,https://xvideos.wapka.cc/video15450423/lane_sisters.flv
music-instructor-hands-in-the-air.flv - FastShare,http://www.fastshare.cz/12399175/music-instructor-hands-in-the-air.flv
Sexy Asian Camgirls - Girlshowcam.com .FLV - फ्री ब्लू फिल्म वीडियो ...,https://hi.xvideos8.mx/video28427341/sexy_asian_camgirls_-_girlshowcam.com_.flv
Beautiful BBW loves to fuck and sticky facials - XNXX.COM,https://xxx.riztube.com/video-4eoo059/beautiful_bbw_loves_to_fuck_and_sticky_facials_-_xvideos.com.flv
chinna thambi actress.FLV - Xvideos HD - XvideosHD.pro,https://in.xvideoshd.pro/movie-SNGi/chinna_thambi_actress.flv
chinna thambi actress.FLV - फ्री ब्लू फिल्म वीडियो - XVIDEOS.COM,https://in.xvideosit.mx/video8835225/chinna_thambi_actress.flv
busty teacher fucked kissed.flv - XVIDEOS.COM,https://xvideos8.org/video3733404/busty_teacher_fucked_kissed.flv
Lane sisters.FLV | free xxx mobile videos - 16honeys.com,http://16honeys.com/download/15450423/lane-sisters.flv
