Office365NetworkTools/ExpressRoute-PAC-Creator.ps1 at master,https://github.com/microsoft/Office365NetworkTools/blob/master/Scripts/ExpressRoute%2520PAC%2520file%2520Creation/ExpressRoute-PAC-Creator.ps1
quickstart-microfocus-amc-es/Configure-PAC.ps1 at main · aws ...,https://github.com/aws-quickstart/quickstart-microfocus-amc-es/blob/main/scripts/Configure-PAC.ps1
Get-PacFile.ps1 1.0.4 - PowerShell Gallery,https://www.powershellgallery.com/packages/Get-PacFile/1.0.4/Content/Get-PacFile.ps1
tak.InternetProxy.ps1 1.1.0.13 - PowerShell Gallery,https://www.powershellgallery.com/packages/TAK/1.1.0.13/Content/tak.InternetProxy.ps1
Kerberos_utils.ps1 0.4.5 - PowerShell Gallery,https://psg-prod-centralus.cloudapp.net/packages/AADInternals/0.4.5/Content/Kerberos_utils.ps1
remove-win10-bloatware-tron-1903.ps1 · master - GitLab,https://gitlab.engr.illinois.edu/engrit-epm/sccm-ts-scripts/-/blob/master/remove-win10-bloatware-tron-1903.ps1
Bastian Gerweck / Kerberos-Master-key · GitLab - Fischer ...,https://git.itfischer.de/bgerweck/Kerberos-Master-key/-/blob/d052ca6c64e03a2a088714de1d0fd8c04b2423aa/Reset-KrbtgtKeyInteractive.ps1
PowerShell/New-KrbgtKey/New-KrbtgKey.ps1 - GitLab - RDR-IT,https://git.rdr-it.io/root/scripts/-/blob/a5be04cbf90d72b335b78da5ad118dc0ff80ed72/PowerShell/New-KrbgtKey/New-KrbtgKey.ps1
Download - GitHub,https://raw.githubusercontent.com/NetSPI/PowerUpSQL/master/PowerUpSQL.ps1
https://raw.githubusercontent.com/tmenochet/PowerS...,https://raw.githubusercontent.com/tmenochet/PowerSpray/master/PowerSpray.ps1
