Land: Guarding against single story narratives | News24,https://www.theuknews.com/news/258000961/oct04v40.flv
Protest Against Ingush-Chechen Land Swap Enters Third Day,https://www.malaysiasun.com/news/258088921/oct04v56.flv
"In Northwest Syria, Turkey Extends Aid, Casts Big Shadow",https://www.mediterraneantimes.com/news/257599168/oct04v56.flv
Conor McGregor goes down the Khabib way - Big News Network.com,https://www.irishsun.com/news/258094346/oct04v56.flv
"UFO theorists gain mainstream voice for the first time, blame alien ...",https://www.irishsun.com/news/247380729/oct04v56.flv
"U.S., EU allies retaliate with military action on Syria - Nigeria Sun",https://www.northkoreatimes.com/news/257013776/oct04v40.flv
online work for earn money at home,https://finanspres.com/article/finance/497wu/nmrkj/assets/media/VH_videoAsset.flv
