[PPT] Title of Presentation - NET,https://clubrunner.blob.core.windows.net/00000013146/en-us/files/homepage/president-mikes-presentation/2020-2021--Mike-s-Presentation--8-July-20.pptx
[PPT] English Cover Booklet - WordPress.com,https://myhodandheart.files.wordpress.com/2020/03/in-the-case-of-covid19-closure-1.pptx
