[PPT] U Sponsor Oversight Responsibilities - Florida Department of Health,https://www.floridahealth.gov/programs-and-services/childrens-health/child-care-food-program/Training/_documents/u-sponsor-oversight-2018.ppsx
[PPT] NYARNG AFMIS Catered Meal Training Outline,https://dmna.ny.gov/foodservice/docs/dco/2014FEB-AFMIS_Cartered_Meal_Slides.pptx
[PPT] Barney and Bea Recreation Center: The Basics,https://gewa.gsfc.nasa.gov/facilities/Rec_Center_Operations.pptx
[PPT] This is your presentation title - getinthepicture.org,https://getinthepicture.org/sites/default/files/resources/Tuesday%2520-%2520Creating%2520Data-Driven%2520Communication%2520Material.pptx
[PPT] catering menu advantages,https://www.manasquanschools.org/cms/lib/NJ01000635/Centricity/Domain/163/MENU%2520DESIGN.potx
[PPT] Table tent,https://uhs.berkeley.edu/sites/default/files/wellness-aboutthehealthyfoodtabletent.pptx
[PPT] Chapter 1. The Catering World: Types of Catering,http://www.teacher.ssru.ac.th/thanongsak_sa/pluginfile.php/16/mod_page/content/22/HIM%25203306%2520Chapter%25201%2520The%2520Catering%2520World%2520Types%2520of%2520Catering.pptx
[PPT] Apply quality assurances to enhance product/service offerings.,https://www.wsfcs.k12.nc.us/cms/lib/NC01001395/Centricity/Domain/8718/SEMII%25204.03%2520PPT.pptx
"[PPT] Overview Chapter 9 Managing Buffets, Banquets, and Catered Events",https://mymission.lamission.edu/userdata/gilligma/docs/Power%2520Point%2520Ch9.pptx
