[PDF] cS:k'/ - The White House,https://www.whitehouse.gov/wp-content/uploads/2022/05/Harris-Kamala-D.-2022-Annual-278.pdf
[PDF] Kamala Harris - The White House,https://www.whitehouse.gov/wp-content/uploads/2022/03/VP-Bio.pdf
"[PDF] Harris County District Courts Inclement Weather, Emergency, and ...",https://www.justex.net/JustexDocuments/49/Harris%2520County%2520District%2520Courts%2520CV-19.pdf
[PDF] DAILY RECORD OF EARLY VOTING - UNOFFICIAL TOTALS May ...,https://www.harrisvotes.com/Docs/Uploads/EVPA_unofficial.pdf
[PDF] rashida marie strober - Second District Court of Appeal,https://www.2dca.org/content/download/818617/opinion/210267_DC13_01052022_081949_i.pdf
[PDF] How to Get Your Harris Health Financial Assistance,https://www.harrishealth.org/SiteCollectionDocuments/eligibility/applicant-forms/English/application-instructions-english.pdf
[PDF] State v. Harris - Ohio Supreme Court,https://www.supremecourt.ohio.gov/rod/docs/pdf/8/2022/2022-Ohio-933.pdf
[PDF] Compare Extra Services STAR Medical Plans Offer in the Harris ...,https://www.hhs.texas.gov/sites/default/files/documents/services/health/medicaid-chip/programs/star/comparison-charts/harris-star.pdf
[PDF] local rules of the harris county civil courts at law,https://www.ccl.hctx.net/civil/Rules.pdf
[PDF] Petition for Eviction from Residential Premises - Harris County ...,http://jp.hctx.net/info/Petition%2520for%2520Eviction.pdf
"[PDF] Lisa E. Harris, M.D.",https://fsph.iupui.edu/doc/news-events/Lisa-Harris-Bio.pdf
[PDF] Mobile Crisis Outreach Team - MCOT - - The Harris Center,https://www.theharriscenter.org/Portals/0/MCOT.pdf
[PDF] 1 RULES AND REGULATIONS FOR COUNTY PARKS IN HARRIS ...,https://www2.harriscountytx.gov/docs/parkregulations.pdf
[PDF] FEDERAL PROCUREMENT POLICY OF HARRIS COUNTY,https://purchasing.harriscountytx.gov/Documents/Harris%2520County%2520Federal%2520Procurement%2520Policy%2520%25207-30-19.pdf
[PDF] Harris Trifon - Lord Abbett,https://www.lordabbett.com/content/dam/shared-assets/pdf-bios/harris-trifon-ips.pdf
[PDF] MILLENNIALs Fueling the Experience Economy - AWS,https://eventbrite-s3.s3.amazonaws.com/marketing/Millennials_Research/Gen_PR_Final.pdf
[PDF] Harris County Texas - USDA,https://www.nass.usda.gov/Publications/AgCensus/2017/Online_Resources/County_Profiles/Texas/cp48201.pdf
"[PDF] July 28, 2020 The Honorable Kamala Harris 112 Hart Senate Office ...",https://www.counties.org/sites/main/files/file-attachments/csac_letter_to_sen_harris_-_round_five_covid-19.pdf
[PDF] Biden Harris Management Agenda Vision 2021 - Performance.gov,https://assets.performance.gov/PMA/Biden-Harris_Management_Agenda_Vision_11-18.pdf
[PDF] About Harris,https://www.harriscomputer.com/hubfs/Harris%2520MA%2520brochures/2021-Harris-Overview-Brochure-EN-Long.pdf
[PDF] BECKY HARRIS - Nevada Legislature,https://www.leg.state.nv.us/session/legislator/Harris287.pdf
[PDF] PAUL HARRIS FELLOW RECOGNITION TRANSFER REQUEST ...,https://my-cms.rotary.org/en/document/paul-harris-fellow-recognition-transfer-request-form
[PDF] THE HARRIS Y. COTTON MEMORIAL SCHOLARSHIP - Gloucester ...,https://www.gloucestercountynj.gov/DocumentCenter/View/930/Harris-Y-Cotton-Memorial-Scholarship-PDF
[PDF] Harris Elementary School Supply List 2022-23,https://www.fortwayneschools.org/images/useruploads/Main/schools/harris-supply-list.pdf
[PDF] Harris Nuclear Plant - Fuquay-Varina,https://www.fuquay-varina.org/DocumentCenter/View/545/Harris-Nuclear-Plant-Safety-Brochure
[PDF] The Honorable Dot Harris Director of the Office of Economic Impact ...,https://www.aabe.org/docs/pages/152/file/Dot%2520Harris%2520Offical%2520%2520Bio%2520(2).pdf
[PDF] A Glimpse of the Evolving Harris-Stowe State University,http://www.hssu.edu/ae/aefiles/21/HSSUGlimpseBooklet-web.pdf
[PDF] HARRIS POND Pelham - NH Fish and Game,https://www.wildlife.state.nh.us/maps/bathymetry/harris_pelham.pdf
[PDF] BMO Harris Premier Account,https://www.bmoharris.com/pdf/Premier_C_Reg_DD.pdf
