[DOC] Results Summaries,http://links.lww.com/AA/C675
[DOC] https://journals.plos.org/plosone/article/file?typ...,https://journals.plos.org/plosone/article/file%3Ftype%3Dsupplementary%26id%3Dinfo:doi/10.1371/journal.pone.0236419.s001
[DOC] https://journals.plos.org/plosone/article/file?typ...,https://journals.plos.org/plosone/article/file%3Ftype%3Dsupplementary%26id%3Dinfo:doi/10.1371/journal.pone.0244401.s003
[DOC] Keeping the Ruins Private: Anna Kavan and Heroin Addiction,https://research.gold.ac.uk/id/eprint/19330/1/Keeping%2520the%2520Ruins%2520Private-%2520Anna%2520Kavan%2520and%2520Heroin%2520Addiction.docx
[DOC] https://turnercenter.org/wp-content/uploads/2016/1...,https://turnercenter.org/wp-content/uploads/2016/10/Biography-Dodd-bio-from-website.docx
[DOC] https://assets.researchsquare.com/files/rs-114546/...,https://assets.researchsquare.com/files/rs-114546/v1/a75b2488e54fe737e4885fa6.docx
[DOC] supplemental material - Dove Medical Press,http://www.dovepress.com/get_supplementary_file.php%3Ff%3D303456.docx
[DOC] mmc1.docx,https://www.jpain.org/cms/10.1016/j.jpain.2020.09.002/attachment/8262a37d-03e0-4f1a-b91d-ccaac3a1a051/mmc1.docx
[DOC] resume.docx - Peter H. Hawkins,http://www.buzzrocket.com/resume/resume.docx
[DOC] Chapter 9: Defeat of Miriam,https://uomustansiriyah.edu.iq/media/lectures/8/8_2017_10_03!08_21_55_PM.docx
[DOC] https://www.kiapressoffice.com/assets/documents/or...,https://www.kiapressoffice.com/assets/documents/original/16618-Kiacelebrates20thanniversaywithAustralianOpenSR.docx
[DOC] capstone_sample2.docx,https://english.appstate.edu/sites/english.appstate.edu/files/capstone_sample2.docx
[DOC] Annotated Atlatl Bibliography - Grinnell College,https://www.grinnell.edu/doc/annotated-atlatl-bibliog
[DOC] https://www.navyhistory.org/wp-content/uploads/201...,https://www.navyhistory.org/wp-content/uploads/2012/02/Transcript-of-Journal-of-Acting-Assistant-Surgeon-Ezra-Pray-US-Bark-Fernandina-Sept1861-18Apr1862.docx
[DOC] all quiet on the western front,https://la.utexas.edu/users/jmciver/Honors/Fiction%25202013/Remarque_ALL%2520QUIET%2520ON%2520THE%2520WESTERN%2520FRONT%2520--%2520Chapter%25201_1929.docx
[DOC] Download - UWE Bristol Research Repository,https://uwe-repository.worktribe.com/OutputFile/905688
[DOC] mmc2.docx - Seizure Journal,https://www.seizure-journal.com/cms/10.1016/j.seizure.2019.03.010/attachment/ee51a623-9225-46e9-a9c7-c5909935d050/mmc2.docx
[DOC] highlighted Brave New World text.docx,https://www.ppcsd.org/site/handlers/filedownload.ashx%3Fmoduleinstanceid%3D3244%26dataid%3D2583%26FileName%3Dhighlighted%2520Brave%2520New%2520World%2520text.docx
[DOC] https://www.prisonersofwarmuseum.com/uploads/6/4/2...,https://www.prisonersofwarmuseum.com/uploads/6/4/2/7/6427590/22jan_to_6_feb_combined_diaries_long_march_clare_etc.docx
[DOC] Staying Calm Seizing the Iron.docx - Research at York St John,https://ray.yorksj.ac.uk/1488/1/Staying%2520Calm%2520Seizing%2520the%2520Iron.docx
