[DOC] premed.doc - Merritt College,http://merritt.edu/~StudentServices/worddocs/premed.doc
[DOC] PRE-MED COURSE GUIDELINES - Boston University,http://www.bu.edu/sargent/files/2010/08/HP150PREMEDCOURSEGUIDELINES.doc
[DOC] THE MONTANA WWAMI PREMED CONFERENCE,https://www.montana.edu/wwami/prospective_students/mcatsummit_premedsummit/premedfiles2021/Pre-Med%2520Agenda_FINAL_9.15.doc
[DOC] PRE-MED REQUIREMENTS,http://web.mit.edu/amsa/archives/0203_Premed_req.doc
[DOC] Premed The Premedical Chapter of the American,https://equalaccess.med.ufl.edu/files/2010/04/GTRegistrationForm.doc
[DOC] PREMED - Baylor University,https://www.baylor.edu/content/services/document.php/181337.doc
[DOC] GUIDELINES FOR PROCESSING PRE-MED APPLICATIONS,https://dunster.harvard.edu/files/dunster/files/2022_2023_dunster_premed_detailed_instructions.doc%3Fm%3D1646271024
[DOC] PREMEDICAL APPLICATION PACKET - Kirkland House,https://kirkland.harvard.edu/files/kirkland/files/kirkland_pif_2018-19.doc
[DOC] preparing for medical school acceptance - San Diego Mesa College,https://www.sdmesa.edu/student-services/transfer-center/documents/premedinitial_ver2.doc
[DOC] Major-Anxiety.doc - American Medical Student Association,https://www.amsa.org/wp-content/uploads/2015/05/Major-Anxiety.doc
[DOC] Pre-medical Access to Clinical Experience,https://www.amsa.org/wp-content/uploads/2015/05/PACE.doc
[DOC] PREMEDICAL STUDIES PROGRAM,https://www.ccny.cuny.edu/sites/default/files/premed/upload/undergraduate-application-72-Moved.doc
[DOC] Pre-Health Professions - University of North Carolina Wilmington,https://uncw.edu/bio/documents/healthsciencesmanual.doc
[DOC] Review of Pre-medical Post-baccalaureate Program at Columbia ...,https://interdisciplinarysciencelang.files.wordpress.com/2016/05/weberpostbacadvice2009.doc
[DOC] SMALL ANIMAL ANESTHESIA GUIDE - VASG,https://www.vasg.org/word_docs/english/Anesthesia_Guide_VASG_12_4_04.doc
[DOC] This applicant sets herself apart by emphasizing a hobby that she ...,https://www.vanderbilt.edu/hpao/documents/Essay%2520Examples%25201-5%2520Writing%2520a%2520better%2520application%2520essay.doc
[DOC] The University of Massachusetts at Amherst Premedical Society ...,https://umassamherst.campuslabs.com/engage/organization/premed/documents/view/96595
[DOC] mcb.berkeley.edu/courses/pre-med101/PreMed%20101%2...,http://mcb.berkeley.edu/courses/pre-med101/PreMed%2520101%2520-%2520TA%2520Application.doc
[DOC] Social Sciences or Humanities – 4 semesters or 6 quarters,https://www.uwmedicine.org/sites/stevie/files/2020-04/Premedical_Course_Requirements_Worksheet.doc
[DOC] By-laws - University of Tennessee at Chattanooga,https://mocsyncorgs.utc.edu/organization/pre-medical-society/documents/view/963232
