Introduction: Whose civility? - SAGE Journals,https://journals.sagepub.com/doi/pdf/10.1177/1463499618780870
[PDF] HISTORY AND CIVILITY by Larry Schaefer - ERIC,https://files.eric.ed.gov/fulltext/EJ1078021.pdf
CHESHIRE CALHOUN The Virtue of Civility - JSTOR,https://www.jstor.org/stable/2672847
[PDF] Civilities And Civil Rights - Free eBooks in the Genres you Love,https://web.thisisbeast.com/civilities-and-civil-rights-pdf
[PDF] George Washington's Rules of Civility & Decent Behavior,https://managers.usc.edu/files/2015/05/George-Washingtons-Rules.pdf
[PDF] Why Civility Is Necessary for Society's Survival - University of Wyoming,https://www.uwyo.edu/wsup/_files/docs/govboard/july-9-2014/why%2520civility%2520is%2520necessary%2520for%2520societys%2520survival.pdf
<article-title>Civilities and Civil Rights - University of California ...,https://online.ucpress.edu/tph/article-pdf/2/3/103/361892/3377001.pdf
[PDF] Liberty and Civility: Rules for Citizens in a Democratic Society,https://www.bidenschool.udel.edu/ipa/LOCLessonPlansFiles/loc-civility-franomalley.pdf
Lesiure and civility: Reflections on a Greek ideal - Taylor & Francis ...,http://www.tandfonline.com/doi/pdf/10.1080/01490408809512188
[PDF] Why Civility Matters - The Centre for Independent Studies,https://www.cis.org.au/app/uploads/2015/04/images/stories/policy-magazine/2002-spring/2002-18-3-nicole-billante-peter-saunders.pdf
[PDF] Promoting Civility at Public Meetings: Concepts and Practice,http://www.ca-ilg.org/sites/main/files/file-attachments/promoting_civility_at_public_meetings_-_concepts_and_practices__.pdf
[PDF] Civility Lost and Found - The Young Foundation,https://youngfoundation.org/wp-content/uploads/2012/10/Civility-Lost-and-Found-2007.pdf
[PDF] Civility and Its Discontents - Open Journal Systems,https://educationjournal.web.illinois.edu/archive/index.php/pes/article/view/1873.pdf
Alternatives to Canadian White Civility - Érudit,https://www.erudit.org/en/journals/ijcs/1900-v1-n1-ijcs3713/040815ar.pdf
"[PDF] Subway Etiquette, Civic Values, and Political Subjectivity in Global ...",https://academicworks.cuny.edu/cgi/viewcontent.cgi%3Farticle%3D1422%26context%3Djj_pubs
[PDF] Professionalism and Civility in the Practice of Aviation Law,https://scholar.smu.edu/cgi/viewcontent.cgi%3Farticle%3D1519%26context%3Djalc
"208 customs, the civilities of his profession; and he sets them out in ...",https://academic.oup.com/ia/article-pdf/31/2/208/13112827/ia-31-2-208a.pdf
[PDF] Civility in Government: Primary Source,http://www.nlsd.k12.oh.us/userfiles/70/Classes/5807/Civility%2520in%2520Government%2520-%25202.pdf
[PDF] Understanding Civil Behavior from Jakarta Urban Citizens,https://www.scitepress.org/Papers/2019/94404/94404.pdf
"[PDF] The Path towards a ""Good City"": A Discussion on (In)civility",https://www.athensjournals.gr/social/2018-5-2-4-Mugan.pdf
"Religion, civility and the 'British' of Ireland in the 1641 Irish rebellion",https://www.cambridge.org/core/services/aop-cambridge-core/content/view/6FCC0A6517485AC5466F685C7B812534/S0021121421000274a.pdf/div-class-title-religion-civility-and-the-british-of-ireland-in-the-1641-irish-rebellion-div.pdf
[PDF] Jane Austen and Civility: A Distant Reading,http://new.jasna.org/persuasions/printed/number29/mitric.pdf
INTRODUCTION 1. Frederick Douglass is quoted in William H ...,https://www.degruyter.com/document/doi/10.1525/9780520914506-013/pdf
"[PDF] CHARITY, PHILANTHROPY, AND CIVILITY IN AMERICAN HISTORY",http://catdir.loc.gov/catdir/samples/cam033/2002025655.pdf
[PDF] Appendix 5: Common phrases and medical terms to learn Greetings,https://www.healthsci.queensu.ca/sites/default/files/inline-files/Appendix%25205.pdf
"[PDF] Democracy online: civility, politeness, and the democratic potential ...",http://www.ict-21.ch/com-ict/IMG/pdf/DemocracyOnline.pdf
Translocal Civilities Chinese Modern Dance at Downtown Los ...,https://api.taylorfrancis.com/content/chapters/edit/download%3FidentifierName%3Ddoi%26identifierValue%3D10.4324/9780203941522-9%26type%3Dchapterpdf
"The state, local associations, and alternate civilities in rural northern ...",https://api.taylorfrancis.com/content/chapters/edit/download%3FidentifierName%3Ddoi%26identifierValue%3D10.4324/9780203330890-14%26type%3Dchapterpdf
"Pirate Oaths, Mutinous Murmurings and British Counter-civilities at ...",https://www.euppublishing.com/doi/pdf/10.3366/cult.2020.0206
[PDF] The Long Con of Civility - OpenCommons@UConn,https://opencommons.uconn.edu/cgi/viewcontent.cgi%3Farticle%3D1453%26context%3Dlaw_review
