[XLS] CZ-USA Holster Database,https://cz-usa.com/wp-content/uploads/2017/11/Copy-of-HOLSTER-DATABASE-11.14.xlsx
[XLS] https://www.smith-wesson.com/sites/default/files/H...,https://www.smith-wesson.com/sites/default/files/Holster%2520Information.xlsx
[XLS] Sheet1 - Smith & Wesson,https://www.smith-wesson.com/sites/default/files/Holster-Information-Jan2020.xlsx
[XLS] Holsters & Mag Pouches - HIePRO,https://hiepro.ehawaii.gov/resources/11027/Holsters%2520%2520Mag%2520Pouches.xlsx
[XLS] Sheet1 - BidNet,https://www.bidnet.com/bneattachments%3F/769831835.xlsx
[XLS] https://fletcherarms.com/wp-content/uploads/2021/0...,https://fletcherarms.com/wp-content/uploads/2021/09/WEBSITE-CLASS-THING.xlsx
[XLS] LE Rifle,https://home.army.mil/wood/index.php/download_file/view/1504/901
"[XLS] Sheet1 - Washington County, PA",http://www.co.washington.pa.us/DocumentCenter/View/12327
[XLS] Bracket Mount Supported,https://my.axon.com/sfc/servlet.shepherd/document/download/069f3000006KoKcAAK
[XLS] 510023: Bid Price sheet - VendorNet,https://vendornet.wi.gov/Download.aspx%3Ftype%3Dbid%26Id%3D42dd58df-9805-e711-80f9-c651048834ab%26filename%3DDraft%2BBid%2BPrice%2BSheet.xlsx
[XLS] tab all depts - Somerset County,http://www.co.somerset.nj.us/Home/ShowDocument%3Fid%3D12724
[XLS] Sheet1 - Somerset County,https://www.co.somerset.nj.us/Home/ShowDocument%3Fid%3D15932
[XLS] total - BizBuySell,https://images.bizbuysell.com/shared/listings/195/1951293/306ca5aa-95ad-4e53-94f1-a3e8ca60d378.xlsx
[XLS] Attachment 1 - Financial Offer - NY.gov,https://online.ogs.ny.gov/purchase/spg/pdfdocs/3520023155PL_PointBlank.xlsx
[XLS] https://www.leeschools.net/common/pages/UserFile.a...,https://www.leeschools.net/common/pages/UserFile.aspx%3FfileId%3D26748521
[XLS] Single Shot CEW,https://apps.des.wa.gov/contracting/04220p.xlsx
[XLS] Sheet1,https://www.wilsonsauction.com/wp-content/uploads/2019/11/9-7-20-Gun-List.xlsx
[XLS] DeSantis Credit Application,https://www.desantisholster.com/content/DealerExcel/DeSantis%2520Dealer%2520Credit%2520Application.xlsx
"[XLS] Fleet,Cradlepoint, Signal Hdwre - SC Procurement Services",https://www.procurement.sc.gov/files/attach/Axon%2520Price%2520List%25202-28-22.xlsx
[XLS] Properties - Tarrant Appraisal District,https://www.tad.org/property/42226161/xlsx/
[XLS] https://www.zcover.com/store/catalog/documents/Pri...,https://www.zcover.com/store/catalog/documents/PriceList/ProductList-Motorola%5BV-212260%5D.xlsx
[XLS] US-LEX L11,http://www.michigan.gov/documents/dtmb/0200127US_DEALER_-_Broadband_Solutions_List_Price_628160_7.xlsx
[XLS] www.cccsc.club/wp-content/uploads/2021/06/Instruct...,http://www.cccsc.club/wp-content/uploads/2021/06/Instructors-Courses_June-2021.xlsx
[XLS] BID SCHEDULE - Lot 1 DUTY AND CONCEALED GEAR (Holsters ...,https://aws.state.ak.us/OnlinePublicNotices/Notices/Attachment.aspx%3Fid%3D133578
[XLS] Pricing,https://bidcondocs.delaware.gov/GSS/GSS_20808-TASERS_ps1.xlsx
[XLS] Vendor Info - Delaware Bids and Contracts,https://bidcondocs.delaware.gov/GSS/GSS22707-Appendix_B.xlsx
[XLS] https://prologicgroup.com/wp-content/uploads/2021/...,https://prologicgroup.com/wp-content/uploads/2021/09/Fluke-87V-Max-Specs.xlsx
[XLS] https://www.pax-bags.com/fileadmin/user_upload/Pre...,https://www.pax-bags.com/fileadmin/user_upload/Preisliste_netto_eng__Stand_09.06.2021_.xlsx
[XLS] Sheet1,https://www.laredoisd.org/UserFiles/Servers/Server_328908/File/Procurement/Posted%2520Bids/Eugene%2520Amaya/RFP21-~1.XLS
[XLS] Fitting Chart CSC,https://static.vitecimagingsolutions.com/media/wysiwyg/csc/2017.04.05_Manfrotto_CSC_Fitting_Chart.xlsx
[XLS] Sheet1 - Omega Research Foundation,https://omegaresearchfoundation.org/sites/default/files/uploads/Shot%2520Show%2520Exhibitors%25202020%2520uploaded_0.xlsx
[XLS] Sheet1,https://www.atf.gov/firearms/docs/1116-ffl-list-arizonaxlsx/download
[XLS] 145 - Band 1 - Body Worn Video Cameras and Recording Devices,https://s3-us-west-2.amazonaws.com/naspovaluepoint/1619106950_1574455380_WatchGuard%2520Band%25201%2520-%2520Pricing%2520UPDATED%25202021-0413.xlsx
[XLS] Cross-Walk_ALL - Boston Scientific,https://www.bostonscientific.com/content/dam/bostonscientific/corporate/gs1/BSC-Neuromodulation-GTIN-Cross-Walk_16Sept2015.xlsx
[XLS] risk assessment form - University of Warwick,https://warwick.ac.uk/fac/sci/physics/research/condensedmatt/supermag/group_and_user_facilities/health_and_safety/Risk_assessment_Solderingxlsx.xlsx
[XLS] Products - Canvas by Instructure,https://canvas.instructure.com/files/92533/download%3Fdownload_frd%3D1
[XLS] Cover - VA Vendor Portal,https://www.vendorportal.ecms.va.gov/FBODocumentServer/DocumentServer.aspx%3FDocumentId%3D2276616%26FileName%3DVA246-15-R-1101-002.xlsx
[XLS] Sheet1,http://www.flaglersheriff.com/unclaimed-past
[XLS] Lot I - Firearms,https://www.ogs.state.ny.us/purchase/biddocument/22641i_Attachment01.xlsx
[XLS] Price Sheet - Shopify,https://cdn.shopify.com/s/files/1/0065/0317/0151/files/2021July_Wholesale_Pricing.xlsx%3Fv%3D1622561413
