[XLS] 111表～112表,https://www.mhlw.go.jp/toukei/youran/roudou-nenpou/xls/111-112.xls
[XLS] https://groups.google.com/group/coopfall2012/attac...,https://groups.google.com/group/coopfall2012/attach/3fb92f81f81968fb/CoopSchedule.xls%3Fpart%3D0.1
[XLS] 3,http://kosis.kr/upsHtml/online/downSrvcFile.do%3FPUBCODE%3DBA%26SEQ%3D4%26FILE_NAME%3DB5020002.xls
[XLS] 1) 수주액,http://kosis.kr/upsHtml/online/downSrvcFile.do%3Bjsessionid%3DSRO8aWmpOxN11Vrzahi0NKjO9IXvIO35f2JHl6yTTAzOH1JDgeVpGLrGreRy1PB8.STAT_WAS1_servlet_engine2%3FPUBCODE%3DBA%26SEQ%3D22%26FILE_NAME%3DB5050001.xls
[XLS] https://www.ergo.ee/fs-files/0000/0000/0002/files/...,https://www.ergo.ee/fs-files/0000/0000/0002/files/ERGO%2520Road%2520carrier's%2520liability%2520insurance%2520application%2520AN.0931.17.xls
[XLS] mubi-toprated,http://mjf314.wrvids.com/movies/mubi-toprated-12015.xls
