[PPT] Eukaryotic Cells vs. Prokaryotic Cells,https://ca01001399.schoolwires.net/cms/lib/CA01001399/Centricity/Domain/726/1Prokaryote%2520Notes.ppt
[PPT] Prokaryotic Cells,http://www.hershey.k12.pa.us/cms/lib/PA09000080/Centricity/Domain/379/Prokaryotic%2520Cells%2520and%2520Eukaryotic%2520Cells%2520Notes.ppt
[PPT] Prokaryotic World,http://www.wou.edu/~bledsoek/101materials/old_ppts/prokaryotes.ppt
[PPT] Prokaryotes vs. Eukaryotes - Houston ISD,http://www.houstonisd.org/cms/lib2/TX01001591/Centricity/Domain/8926/prokaryote%2520vs%2520Eukaryote.ppt
[PPT] Functional Anatomy of the Prokaryotic Cell,https://www.austincc.edu/kholling/3_%2520Prok%2520Cell%2520structure%25209_7_06.ppt
[PPT] Eukaryotic Cells vs. Prokaryotic Cells,http://www.sisd.net/cms/lib/tx01001452/centricity/domain/466/cells%2520ppt.ppt
[PPT] Single-celled organisms that do not have membrane-bound internal ...,http://www.dentonisd.org/cms/lib/TX21000245/Centricity/Domain/3987/Cell%2520and%2520Kingdom%2520Reassessment%2520Review.ppt
[PPT] Cells: Prokaryotic vs. Eukaryotic - Fort Mill High School,http://fmhs.fortmillschools.org/common/pages/DisplayFile.aspx%3FitemId%3D6439497
[PPT] Prokaryotic Cell Structure & Function PowerPoint Lecture,http://www.gml.cz/prof/krejci/bige/3_cell_structure_prokaryotes_vmc.ppt
[PPT] Prokaryotes and the Origins of Metabolic Diversity - Pittsford Schools,https://www.pittsfordschools.org/site/handlers/filedownload.ashx%3Fmoduleinstanceid%3D3036%26dataid%3D20899%26FileName%3Dch%252027prokaryotes%2520and%2520the%2520origins%2520of%2520metabolic%2520diversity.ppt
[PPT] characteristics of prokaryotic and eukaryotic cells - Biology,https://bio.as.uky.edu/sites/default/files/Spring%25202015-%2520Chapter%25204_1.ppt
[PPT] The Cell,https://www.gcsnc.com/cms/lib/NC01910393/Centricity/Domain/4648/The_cell%25209-27-18.ppt
[PPT] Unit 2 “Cells & Viruses”,https://www.rcboe.org/cms/lib/GA01903614/Centricity/Domain/1295/basic%2520cell%2520powerpoint.ppt
[PPT] The Two Types of Cells,https://www.harris.k12.ga.us/cms/lib/GA02202829/Centricity/Domain/358/Cell_Review_PP.ppt
[PPT] Endosymbiotic Theory,http://www.ahisd.net/common/pages/UserFile.aspx%3FfileId%3D7501748
