[PDF] LaSalle County LS - TAMU Animal Science,https://animalscience.tamu.edu/wp-content/uploads/sites/14/2018/03/LaSalle.pdf
[PDF] Referees C Mathews/C Knight,http://websites.sportstg.com/get_file.cgi%3Fid%3D36577215
[PDF] of fi ce of paula s. o' ne il clerk & comptroller,http://www.curtisreevestrial.com/files/423.pdf
Birniebouzle. - De Gruyter,https://www.degruyter.com/document/doi/10.1515/9781474433037-089/pdf
"[PDF] 15-008 Digital Submission full version - Georgetown, KY",https://www.georgetownky.gov/DocumentCenter/View/1264/15-008-Digital-Submission-full-version
"[PDF] t7 ' - &7!1"",-fj /Z",https://www.legis.iowa.gov/docs/publications/HD/923538.pdf
[PDF] Bank Risk Management Policies And Procedures | YASA,https://www.yasa.com/wp-content/uploads/formidable/2/bank-risk-management-policies-and-procedures.pdf
"[PDF] U.S. EPA, Pesticide Product Label, , 02/26/1991",https://www3.epa.gov/pesticides/chem_search/ppls/010182-00242-19910226.pdf
[PDF] James City County,https://property.jamescitycountyva.gov/platsrecorded/ByPlatBook/42-0095.pdf
[PDF] title boundary - City of Port Phillip,https://www.portphillip.vic.gov.au/media/zejaxnbi/6-4-att-6.pdf
[PDF] CASE: C14-2015-0058 - Montopolis Alcala Family - AustinTexas.gov,http://www.austintexas.gov/edims/document.cfm%3Fid%3D234790
[PDF] Avocat Droit Des Assurances Strasbourg,https://www.varalloortho.com/wp-content/uploads/formidable/1/avocat-droit-des-assurances-strasbourg.pdf
[PDF] Thank You For Your Support! - Extension Waupaca County,https://waupaca.extension.wisc.edu/files/2019/08/2019LMA-Buyer-Form.pdf
[PDF] Janet ~tle - Scholar Commons,https://scholarcommons.sc.edu/cgi/viewcontent.cgi%3Ffilename%3D36%26article%3D1397%26context%3Dengl_facpub%26type%3Dadditional
[PDF] Freiburg.pdf,https://home.mathematik.uni-freiburg.de/patimo/slides/Freiburg.pdf
[PDF] Chip Seq Library Preparation Protocol | MegaPhase,https://megaphase.com/wp-content/uploads/formidable/17/chip-seq-library-preparation-protocol.pdf
[PDF] The songs of Scotland prior to Burns. With the tunes,https://electricscotland.com/history/other/054ScornfulNancy.pdf
[PDF] Material Safety Data Sheet,https://ehslegacy.unr.edu/msdsfiles/1789.pdf
[PDF] Best Combination Resume Examples | Positively Women,https://positivelywomenproject.com.au/wp-content/uploads/formidable/2/best-combination-resume-examples.pdf
[PDF] Anonymously Report Animal Abuse - Swing Fit Golf Club,https://swingfitgolfclub.com/wp-content/uploads/formidable/6/anonymously-report-animal-abuse.pdf
"[PDF] I CORINTHIANS 1"" TAKING THE WISE IN THEIR CRAFTINESS""",https://cdn.subsplash.com/documents/7FMT35/_source/a8a069d8-b7d8-4125-9511-fb2c2370f3d8/document.pdf
[PDF] State of Kansas Special District,https://admin.ks.gov/browse/files/6bd6590f34bc47769d7fa2f285efc776/download
[PDF] Untitled - NRCS Blogs,https://www.blogs.nrcs.usda.gov/Internet/FSE_DOCUMENTS/16/nrcs143_016782.pdf
[PDF] Currency Conversion Project Documentation | HERS Index,https://www.hersindex.com/wp-content/uploads/formidable/10/currency-conversion-project-documentation.pdf
"[PDF] Arkansas Ethics Commission Post Office Box 1917 Little Rock, AR ...","http://votersearch.pulaskiclerk.com/ElectionArchives3/Curry,%2520Dianne/2011/Statement%2520of%2520Financial%2520Interest/LRSD%2520Z7/Diane%2520Curry_SFI_1.31.11.pdf"
[PDF] phase i inspection report - DTIC,https://apps.dtic.mil/sti/pdfs/ADA108959.pdf
[PDF] PD 1466 - City of Chicago,http://gisapps.chicago.gov/gisimages/zoning_pds/PD1466.pdf
"On Emerson's ""Grace"" and ""Self-Reliance"" - jstor",https://www.jstor.org/stable/359821
[PDF] Death And The Civil War Transcript | Field to Freezer,https://fieldtofreezer.com/wp-content/uploads/formidable/8/death-and-the-civil-war-transcript.pdf
[PDF] Declaration Form Coming To Usa By Plain,https://isi.or.id/wp-content/uploads/formidable/5/declaration-form-coming-to-usa-by-plain.pdf
[PDF] Chandigarh Property Tax Form | Misr Capital,https://misrcapital.com/wp-content/uploads/formidable/4/chandigarh-property-tax-form.pdf
"PEAT INSPECTION, ST-HENRI PEAT BOG",http://gq.mines.gouv.qc.ca/documents/examine/GM22905/GM22905.pdf
[PDF] Short Term Rentals North County San Diego - Krisala Developers,https://www.krisala.com/wp-content/uploads/formidable/7/short-term-rentals-north-county-san-diego.pdf
"[PDF] 'HEAL. ESTATE ""MORTGAGE NOW,THEREFORE ',..*HOME ...",http://www.countyclerk.tulsacounty.org/Home/GetPdfCamera%3Ffilename%3D512_559.pdf%26subdir%3D512
[PDF] Your Phone Number On Assurance Wireless,https://utcd.org.tr/wp-content/uploads/formidable/2/your-phone-number-on-assurance-wireless.pdf
[PDF] Vacation Flyer Templates Free - BRON Ltd.,https://bebron.com/wp-content/uploads/formidable/3/vacation-flyer-templates-free.pdf
[PDF] DjVu Document - Washington Secretary of State,https://www.sos.wa.gov/history/images/newspapers/SL_dir_spokanespoktime/pdf/SL_dir_spokanespoktime_05151879.pdf
[PDF] A Golfing Idyll - DigiFind-It,https://www.digifind-it.com/njhistoricalportal/data/usga/books/misc/A%2520Golfing%2520Idyll.pdf
PDF - Karger Publishers,https://www.karger.com/Article/Pdf/220682
[PDF] village of downers grove,http://www.downers.us/public/docs/agendas/2005/august-16-2005/AnnexAgreement5505Belmont.pdf
