[PDF] Understanding Medicare Advantage Plans.,https://www.medicare.gov/Pubs/pdf/12026-Understanding-Medicare-Advantage-Plans.pdf
[PDF] 11219-understanding-medicare-part-c-d.pdf,https://www.medicare.gov/Pubs/pdf/11219-understanding-medicare-part-c-d.pdf
[PDF] Some Medicare Advantage Organization Denials of Prior ...,https://oig.hhs.gov/oei/reports/OEI-09-18-00260.pdf
[PDF] Some Medicare Advantage Companies Leveraged Chart Reviews ...,https://oig.hhs.gov/oei/reports/OEI-03-17-00474.pdf
[PDF] ADvantage Program Assisted Living Service Option,http://www.okdhs.org/OKDHS%2520Publication%2520Library/15-49.pdf
[PDF] how prescription advantage works for members eligible for medicare,https://www.prescriptionadvantagema.org/AvailableForms/Prescription%2520Advantage%2520Medicare%2520Fact%2520Sheet.pdf
[PDF] Understanding Medicare Advantage Payment & Policy ...,https://bettermedicarealliance.org/wp-content/uploads/2020/03/BMA_WhitePaper_MA_Bidding_and_Payment_2018_09_19-1.pdf
[PDF] BMA-Medicare-Advantage-Cost-Protections-Data-Brief_FIN.pdf,https://bettermedicarealliance.org/wp-content/uploads/2022/04/BMA-Medicare-Advantage-Cost-Protections-Data-Brief_FIN.pdf
[PDF] MISSISSIPPI DEVELOPMENT AUTHORITY ADVANTAGE JOBS ...,https://sos.ms.gov/ACProposed/00012719B.pdf
[PDF] Medicare Advantage Contract Amendment - CMS,https://www.cms.gov/medicare/medicare-advantage/medicareadvantageapps/downloads/model_contract_amendment_10_05_12.pdf
[PDF] Advantage Summary - MaineHousing,https://www.mainehousing.org/docs/default-source/homeownership/first-home-advantage-summary.pdf
[PDF] Medicare Advantage Plans: Know Before You Enroll,https://insurance.ky.gov/ppc/Documents/camedicareadv061318.pdf
[PDF] 2022 Medicare Advantage Plans in Virginia,https://www.scc.virginia.gov/getdoc/23607e77-2779-42d4-ad4c-2af8d54c1949/medcarehlth
[PDF] Community Advantage Participant Guide - SBA,https://www.sba.gov/sites/default/files/2020-06/CA%2520Guide%2520Version%25206%2520FINAL%2520508%252006-01-20.pdf
[PDF] Evaluating Medicare Advantage Value-Based Contracts,https://www.ama-assn.org/system/files/2019-04/medicare-advantage-value-based-contracts.pdf
[PDF] HOME ADVANTAGE MANUAL Updated 7/11/2022,https://wshfc.org/sf/FINALHAMANUAL1.pdf
[PDF] Why Do Medicare Advantage Plans Have Narrow Networks?,https://www.urban.org/sites/default/files/publication/99414/why_do_medicare_advantage_plans_have_narrow_networks.pdf
[PDF] SHBP and SEHBP Aetna Medicare Advantage Plans Frequently ...,https://www.state.nj.us/treasury/pensions/documents/pdf/aetna-ma-faq-shbp.pdf
[PDF] Getting to Equal: The Disability Inclusion Advantage | Accenture,https://www.accenture.com/_acnmedia/pdf-89/accenture-disability-inclusion-research-report.pdf
