https://support.co.rock.wi.us/files/bgdspdrv.msi?v...,https://support.co.rock.wi.us/files/bgdspdrv.msi%3Fview%3D0
Nova - Mod Environment - File Exchange - MATLAB Central,https://www.mathworks.in/matlabcentral/fileexchange/10146-nova-mod-environment/content/NovaMod.msi
ilona (@ilona.msi) TikTok | Nézd meg ilona legújabb TikTok videóit,https://www.tiktok.com/%40ilona.msi
Msi  ‍  ❤️‍   (@tighter.msi) TikTok | Смотреть свежие видео Msi ...,https://www.tiktok.com/%40tighter.msi
msi скачать mp3 или слушать онлайн на st-tancpol.ru,https://st-tancpol.ru/music/.msi
Virtual Dj 8.0.1806.msi - Programy - maciej-grabicki - Chomikuj.pl,"http://chomikuj.pl/maciej-grabicki/Programy/Virtual%2BDj%2B8.0.1806,4056798696.msi"
Paragon 244 PRR WinInstallSNU 10.1.19.15721 000.msi - Partition ...,"http://chomikuj.pl/dexio112/Programy/Partition%2BManager%2B12/Paragon-244-PRR_WinInstallSNU_10.1.19.15721_000,2434519076.msi"
Panther_Installer_1.6.2012.21.msi - ESTUDOS B& ... - Seesaa Wiki,https://seesaawiki.jp/skyrpuddrosslo/d/Panther_Installer_1.6.2012.21.msi
