[PPT] PANTOMIME/MIME,https://www.orange.k12.nj.us/cms/lib/NJ01000601/Centricity/Domain/1112/History%2520of%2520Pantomime.pptx
[PPT] Pantomime,https://www.orange.k12.nj.us/cms/lib/NJ01000601/Centricity/Domain/1112/Drama%25205-7%2520Pantomime%25202.pptx
[PPT] PANTOMIME/MIME,https://www.kyrene.org/cms/lib/AZ01001083/Centricity/Domain/3092/History%2520of%2520Pantomime.pptx
[PPT] Improvisation and Pantomime,https://www.crhsd.org/site/handlers/filedownload.ashx%3Fmoduleinstanceid%3D92%26dataid%3D698%26FileName%3Dpantomime-only.pptx
[PPT] PANTOMIME UNIT - West Ada School District,https://www.westada.org/site/handlers/filedownload.ashx%3Fmoduleinstanceid%3D246986%26dataid%3D243337%26FileName%3DPantomime%2520Unit.pptx
[PPT] PANTOMIME/MIME,https://www.wsfcs.k12.nc.us/site/handlers/filedownload.ashx%3Fmoduleinstanceid%3D101399%26dataid%3D93508%26FileName%3DMime%2520PPT.pptx
[PPT] Narrative Pantomime,https://misterpeebles.weebly.com/uploads/3/2/3/1/32317745/pantomime_narrative_pantomime.pptx
[PPT] Making and Presenting and Producing - Oasis Academy Wintringham,https://www.oasisacademywintringham.org/uploaded/Wintringham/Curriculum/Knowledge_Organisers_(2021-2022)/Expressive_Arts/Performing_Arts/Y8_-_Pantomine.pptx
[PPT] PowerPoint Guidance,https://lionwoodinfant.co.uk/wp-content/uploads/2020/12/what-is-a-pantomime.pptx
[PPT] Improv and Pantomime,http://www.birdvilleschools.net/cms/lib2/TX01000797/Centricity/Domain/396/TechTheatrePP.pptx
[PPT] PANTOMIME !!! - KMHS Drama,http://www.kmhsdrama.com/uploads/5/2/1/1/52118899/pantomime____.pptx
[PPT] How are male/female traditional roles used in pantomime?,https://www.cirencesterkingshill.gloucs.sch.uk/assets/Shadow-Curriculum-2021/22/Term-2/Drama/Y7-and-Y8/pantomime-scheme.pptx
[PPT] Pantomime - Kirkby High School,https://kirkbyhighschool.net/wp-content/uploads/2020/09/Homework-Pantomime-Knowledge-Organiser.pptx
[PPT] Pantomime - Yate Academy,https://www.yateacademy.co.uk/attachments/download.asp%3Ffile%3D486%26type%3Dpptx
[PPT] The Written Paper - Beverley High School VLE,https://moodle.beverleyhigh.net/pluginfile.php/24883/mod_resource/content/1/Written%2520Paper%2520Section%2520A%2520Aladdin.pptx
[PPT] Group Pantomime - Pcmac,http://images.pcmac.org/SiSFiles/Schools/AR/HoratioSchools/HoratioHigh/Uploads/Presentations/Drama%2520Chapter%25202%2520Mime%2520and%2520Pantomime.pptx
[PPT] give the public permission to share and use your creative work,https://tsgs.unt.edu/sites/default/files/Copyright%2520and%2520Authors%2527%2520Rights%2520Oct%25202015.pptx
[PPT] Viewing Hook,http://www.lcsnc.org/cms/lib/NC01911169/Centricity/domain/45/aig%2520ela/7th%2520grade/springboard%2520units/Lesson%25205.2%2520grd%25207.pptx
[PPT] Girl Scout Space Science Badge Resources,https://www.seti.org/sites/default/files/2021-12/Girl-Scout-Stars-Our-Solar-System-Planets-and-Scale-Models.pptx
[PPT] Year 8 Curriculum Overview,https://www.southlands.lancs.sch.uk/force_download.cfm%3Fid%3D3221
