[DOC] HSK A-EM (endmill holder) : Screw locking endmill holders with ...,http://www.imc-companies.com/Tungaloy/tungaloycatalog/Family.aspx%3Ffnum%3D484%26mapp%3DDR%26app%3D0%26pageType%3D4%26rel%3DS%26isDialog%3Dtrue%26fileType%3Dd
[DOC] ER-SPR : DIN 6499 ER Spring Collets COLLET RUN-OUT=0.01 ...,http://www.imc-companies.com/Tungaloy/TungaloyCatalog/Family.aspx%3Fcat%3D4500137%26fnum%3D1344%26mapp%3DBO%26app%3D0%26pageType%3D4%26rel%3DS%26isDialog%3Dtrue%26fileType%3Dd
[DOC] MAXIN power chucks with HSK DIN69893 form A tapered shanks ...,https://www.iscar.com/eCatalog/Family.aspx%3Fcat%3D4505395%26fnum%3D1737%26mapp%3DML%26app%3D118%26pageType%3D4%26rel%3DS%26isDialog%3Dtrue%26fileType%3Dd
[DOC] Opdracht : Drukwerk voor jaarrapport van FAVV - Achat durable |,https://guidedesachatsdurables.be/sites/default/files/file/20090309_PUB_DOfiche_drukwerk_basis_EN.doc
"[DOC] I have fitted almost all of the ""common"" shocks to my bike - SV650.org",https://www.sv650.org/docs/The%2520Shocking%2520Truth.doc
[DOC] Active Handling Vs. Real Time Dampening - Corvette Forum,https://www.corvetteforum.com/forums/attachments/c5-general/48099508d1496371267-competition-driving-mode-active-handling-vs-real-time-dampening.doc
[DOC] occupation: printing machine operators,http://www.dms.myflorida.com/content/download/126240/680859/51-5023_-_Printing_Machine_Operators.doc
[DOC] Children's Traffic Dampening Signs being considered by Town ...,https://citizen.on.ca/%3Fp%3D24145%26upm_export%3Ddoc
