[DOC] Safety Operating Plan - Axe Throwing,https://lcb.wa.gov/sites/default/files/publications/licensing/forms/LIQ-1499-Safety-Operating-Plan-Axe-Throwing.docx
[DOC] Bayou_Axe_Waiver_2020.docx - Bayou Axe Co.,https://bayouaxe.com/files/2019/12/Bayou_Axe_Waiver_2020.docx
[DOC] Silver Ax Award - Gulf Stream Council,https://www.gulfstreamcouncil.org/files/18366/Silver-Axe
"[DOC] Sharp, sharper, SIMPLEX splitting axe - Erwin Halder KG","https://www.halder.com/se/content-download/3419/file/Sharp,%2520sharper,%2520SIMPLEX%2520splitting%2520axe_EN.docx"
[DOC] SHSC034 Anglo-Saxon Felling & Chopping Axes V1.0,https://saxonship.org/wp-content/uploads/2021/10/SHSC034_Anglo-SaxonFellingAndChoppingAxes_V1.0.docx
[DOC] ABE'S AXE,https://img1.wsimg.com/blobby/go/05df0401-3ef0-4476-8b45-2425310042a9/downloads/1d2l8hv37_304778.docx%3Fver%3D1623547767927
[DOC] What are Aboriginal Ground-edge Axes?,https://www.aboriginalvictoria.vic.gov.au/sites/default/files/2019-10/Aboriginal%2520Ground-edge%2520Axe%2520Fact%2520Sheet.DOCX
"[DOC] release of liability, waiver and assumption of risk",https://cdn.hibuwebsites.com/dda6500eb62c4111ad2900de8f357bc6/files/uploaded/Axe%2520Throwing%2520Release%2520Form.docx
[DOC] Shifts in Perspective Quiz 1 - The Nature of Writing,https://natureofwriting.com/wp-content/uploads/2020/11/Shifts-in-Perspective-Quiz-1.docx
[DOC] This is a BLANK risk assessment for 1 st Fressingfield Scout Group ...,https://www.1stfressingfieldscouts.org.uk/wp-content/uploads/RA-Axe-throwing.docx
[DOC] Mercury and the Woodman - Madison County Schools,http://www.madison-schools.com/cms/lib9/MS01001041/Centricity/Domain/1946/springbreak1.docx
[DOC] RA-axe-knife-saw.docx - 1st Lightwater Scouts,https://cdn.lightwaterscouts.org.uk/uploads/RA-axe-knife-saw.docx
[DOC] New developments in understanding rotary axes performance,https://www.renishaw.com/resourcecentre/en/download/news-release-new-developments-in-understanding-rotary-axes-performance--48113
[DOC] testing web content for accessibility - UCL,https://www.ucl.ac.uk/isd/sites/isd/files/web_accessibility_testing_guide_for_developers.docx
[DOC] https://journals.plos.org/plosone/article/file?typ...,https://journals.plos.org/plosone/article/file%3Ftype%3Dsupplementary%26id%3Dinfo:doi/10.1371/journal.pone.0240462.s001
[DOC] PLANE CRASH SCENARIO ANSWERS Cigarette lighter (without fluid),"https://www.grinnell-k12.org/vimages/shared/vnews/stories/5203a231c8072/10th%2520-%2520Sept.%252017,%25202014%2520-%2520Team%2520Builder%2520(Plane%2520Crash%2520Survivial%2520Scenario).docx"
[DOC] Liability Waiver.docx,https://irp.cdn-website.com/e12c83b3/files/uploaded/Liability%2520Waiver.docx
[DOC] example-risk-assessment-for-using-knives-axes-and-saws.docx,https://cms.scouts.org.uk/media/10951/example-risk-assessment-for-using-knives-axes-and-saws.docx
[DOC] 2022 Board Meeting Dates - Bad Axe Public Schools,http://badaxeps.schooldesk.net/_theme/files/Bad%2520Axe%2520Board%2520of%2520Education%2520Meeting%2520Schedule%25202022.docx
[DOC] example 1.docx,https://www.lcboe.net/userfiles/125/Classes/629/example%25201.docx%3Fid%3D544846
