[PPT] Metasomatism,https://old.amu.ac.in/emp/studym/99996423.pptx
