[XLS] www.destatehousing.com/Developers/lihtc/2021/2021_...,http://www.destatehousing.com/Developers/lihtc/2021/2021_exhibit10_management_agent_qualifications.xlsx
[XLS] Maryland: Form 203 - Developer's Qualifications (LIHTC),https://www.novoco.com/sites/default/files/atoms/files/maryland-lihtc-application-form-203-2021.xlsx
[XLS] CDA Form 202 - Maryland DHCD,https://dhcd.maryland.gov/HousingDevelopment/Documents/rhf/Form_202_Instructions.xlsx
[XLS] 4. Application Form 202 - Spring 2014 RFP,https://dhcd.dc.gov/sites/default/files/dc/sites/dhcd/publication/attachments/4%2520-%2520Application%2520Form%2520202%2520-%2520Spring%25202014.xlsx
[XLS] shermancsd.org/media/Health-Exam-Form.xlsx,http://shermancsd.org/media/Health-Exam-Form.xlsx
[XLS] Inventory Control Self Check,https://www.doe.virginia.gov/support/nutrition/training/mgr_materials/inventory-control-self-evaluation.xlsx
[XLS] Crumbling Foundation Application - East Windsor CT |,https://www.eastwindsor-ct.gov/assessor/files/crumbling-foundation-application
[XLS] 1,https://www.qss.qa/wp-content/uploads/2020/03/SUPPLIER-EVALUATION-FORM.xlsx
[XLS] Final Draft - Kutztown Folk Festival,https://www.kutztownfestival.com/s/JOB-APPLICATION.xlsx
[XLS] 4.4 Financial Plan - Aktion Minibrot,https://aktion-minibrot.com/wp-content/uploads/2020/06/Financial-plan.xlsx
