cactbot/e1s.txt at main - GitHub,https://github.com/quisquous/cactbot/blob/master/ui/raidboss/data/05-shb/raid/e1s.txt
A Poem for the End of the Century - Ibiblio,http://www.ibiblio.org/ipa/milosz/a_poem_for_the_end_of_the_century.txt
August 2001,https://facultystaff.richmond.edu/~creamer/milton/archives/2001/200108a.txt
RVI41_en.pdf.txt - Repositorio Digital CEPAL,https://repositorio.cepal.org/bitstream/handle/11362/38027/RVI41_en.pdf.txt
Plain text - Times Of Swaziland,http://www.times.co.sz/feed/Entertainment/64386.txt
lewiscs-problemofpain-00-t.txt - Project Gutenberg Canada,http://gutenberg.ca/ebooks/lewiscs-problemofpain/lewiscs-problemofpain-00-t.txt
1469-0.txt - Project Gutenberg,https://www.gutenberg.org/files/1469/1469-0.txt
Guy_ku_0099D_10339_DATA_1.pdf.txt - KU ScholarWorks,https://kuscholarworks.ku.edu/bitstream/1808/5327/2/Guy_ku_0099D_10339_DATA_1.pdf.txt
"'...J.-.J. $i 4&44f 0 VOLUME II....No. 5. CONSTANTINE, ST. JOSEPH ...",https://chroniclingamerica.loc.gov/lccn/sn83016620/1837-08-02/ed-1/seq-1/ocr.txt
0400351.txt - Project Gutenberg Australia,http://gutenberg.net.au/ebooks04/0400351.txt
variety LUST light calling portrait told cicada metamorphosi world ...,https://eprints.qut.edu.au/12/6/indexcodes.txt
eprintid: 39840 rev_number: 15 eprint_status: archive userid: 2438 ...,http://oa.upm.es/cgi/export/eprint/39840/Simple/upm-eprint-39840.txt
