Mine 9 2019 720p UPTV.co Sub.mkv - آپارات,https://www.aparat.com/result/Mine_9_2019_720p_UPTV.co_Sub.mkv
Domino Dadu dan Kartu MKV for Android - APK Download - APK Pure,https://apkpure.com/id/domino-dadu-dan-kartu-mkv/net.games.mkv
Upload Files - NitroFlare,http://www.nitroflare.com/view/B947FDF9EDF843D/art-and-craft-2014-.mkv
the-craft-legacy-en-5.1-cz-en-tit.mkv - FastShare,https://fastshare.cz/14513479/the-craft-legacy-en-5.1-cz-en-tit.mkv
online ke zhlédnutí a stažení - Sdilej.cz,https://sdilej.cz/14482537/the.craft.legacy.2020.720p.amzn.web-dl.ddp5.1.h.264-tepes.mkv
Manor.House.2020.720p.AMZN.WEB-DL.DDP2.0.H.264 ... - BTDigg,https://www.btdig.com/ad38c8aae9e4a664cf5ea8ec2f73e38b855f8e09/manor.house.2020.720p.amzn.web%3Ddl.ddp2.0.h.264%3Dtepes.mkv
