"The Project Gutenberg EBook of The Nine-Tenths, by James ...",https://www.gutenberg.org/files/11372/11372-8.txt
Fort Pierre,http://files.usgwarchives.net/sd/stanley/business/ft-p1916.txt
AWSTATS DATA FILE 7.3 (build 20140126) # If you remove this file ...,http://www.theweddinglibrary.com/awstats/data/awstats032022.theweddinglibrary.com.txt
"'KYQTO'BERBG, 191?- NVAL'LZD WALL'zr, WKSHINGTON we ...",https://arminda.whitman.edu/_flysystem/fedora/2021-08/Page_3_Whitman_College_Pioneer_1917_10_12.txt
The aim of this bachelor work was to present The Memorial of Kralic ...,https://is.muni.cz/th/n1ypz/annotation_english.txt%3Fkod%3DPV204
904370PROP0P110proved0000... - World Bank Documents & Reports,http://documents1.worldbank.org/curated/en/445841468108263809/text/904370PROP0P110proved0000published.txt
"4 OFFICIAL GAZETTE December 30, 1985 concern are hereby ...",https://ufdcimages.uflib.ufl.edu/UF/00/08/28/76/00336/00004.txt
"'4 "".-fel.-ii,..to..- ' T LOCAL NEWS Dr, R. C. Hunter, Lexington, Ore. 'Dr ...",https://oregonnews.uoregon.edu/lccn/sn97071052/1907-05-09/ed-1/seq-5/ocr.txt
ocr.txt - Nebraska Newspapers,https://nebnewspapers.unl.edu/lccn/2010270509/1902-02-20/ed-1/seq-4/ocr.txt
ocr.txt - Nebraska Newspapers,https://nebnewspapers.unl.edu/lccn/sn94056446/1908-07-24/ed-1/seq-5/ocr.txt
