[PDF] Regulating big techs in finance - Bank for International Settlements,https://www.bis.org/publ/bisbull45.pdf
[PDF] A Practical Guide - To Effectively Regulating Short-term Rentals on ...,https://granicus.com/pdfs/Whitepaper_-A-practical-guide-to-effectively-regulating-short-term-rentals-on-the-local-government-level.pdf
Regulating a Monopolist with Unknown Costs - jstor,https://www.jstor.org/stable/1912769
[PDF] Recommendations for Regulating AI - Google AI,https://ai.google/static/documents/recommendations-for-regulating-ai.pdf
[PDF] Regulating the Shadow Banking System - Brookings Institution,https://www.brookings.edu/wp-content/uploads/2010/09/2010b_bpea_gorton.pdf
[PDF] Chapter 14: Regulating Services,http://uknea.unep-wcmc.org/LinkClick.aspx%3Ffileticket%3DXPPBQJuWlzk%253D%26tabid%3D82
[PDF] Regulating Online Content Moderation - Georgetown Law,https://www.law.georgetown.edu/georgetown-law-journal/wp-content/uploads/sites/26/2018/07/Regulating-Online-Content-Moderation.pdf
[PDF] DEFINING AND REGULATING AGRITOURISM | Vermont Law School,https://www.vermontlaw.edu/sites/default/files/2021-04/Defining-and-Regulating-Agritourism.pdf
[PDF] False Speech and the First Amendment: Constitutional Limits on ...,https://crsreports.congress.gov/product/pdf/IF/IF12180
[PDF] Regulating Plan for the EAST RIVERSIDE CORRIDOR ZONING ...,https://www.austintexas.gov/sites/default/files/files/Development_Services/erc_reg_plan_adopted.pdf
[PDF] regulating-platform-work-in-the-digital-age.pdf,https://goingdigital.oecd.org/toolkitnotes/regulating-platform-work-in-the-digital-age.pdf
[PDF] Regulating facial recognition in the EU - European Parliament,https://www.europarl.europa.eu/RegData/etudes/IDAN/2021/698021/EPRS_IDA(2021)698021_EN.pdf
Silicate as regulating nutrient in phytoplankton competition,https://www.int-res.com/articles/meps/83/m083p281.pdf
[PDF] Washington State Laws Regulating Home-based Instruction - OSPI,https://www.k12.wa.us/sites/default/files/public/ald/HomeBasedEd/pubdocs/pinkbook.pdf
[PDF] Statement of Principles on the Role of Governments in Regulating ...,https://www.acponline.org/system/files/documents/advocacy/current_policy_papers/assets/sop_issue_brief.pdf
[PDF] Regulating Disinformation in Europe: Implications for Speech and ...,https://scholarship.law.uci.edu/cgi/viewcontent.cgi%3Farticle%3D1041%26context%3Ducijil
[PDF] A Proposed Framework for Regulating Direct Potable Reuse in ...,https://www.waterboards.ca.gov/drinking_water/certlic/drinkingwater/documents/direct_potable_reuse/dprframewkseced.pdf
[PDF] The self-regulating mind - Princeton University,https://www.princeton.edu/~vmcgeer/papers/McGeerPettit2002SelfRegMind.pdf
"[PDF] Administrative Rules regulating Driveways, Banners and Parades",https://www.michigan.gov/mdot/-/media/Project/Websites/MDOT/Business/Permits/Right-of-Way-Construction-Permits/Public-Act-200-Admin-Rules-Regulat-Driveways-Banners-Parades.pdf%3Frev%3D9e420527478d4646b518e8db4c95e947%26hash%3D25E1E5E9DF39FA275549ACB693CFF7BB
[PDF] States and Municipalities with Laws Regulating Use of Electronic ...,http://no-smoke.org/pdf/ecigslaws.pdf
