melon/CMakeLists.txt at develop · daniele-rapagnani/melon - GitHub,https://github.com/daniele-rapagnani/melon/blob/develop/CMakeLists.txt
melon/restful.txt at master · goburrow/melon · GitHub,https://github.com/goburrow/melon/blob/master/example/restful/restful.txt
wa_fv431.txt - Agricultural Marketing Service,https://www.ams.usda.gov/mnreports/wa_fv431.txt
CMakeLists.txt · master · AVT-SVT / public / MeLOn,https://git.rwth-aachen.de/avt.svt/public/MeLOn/-/blob/master/CMakeLists.txt
#melon.txt on Tumblr,https://www.tumblr.com/tagged/melon.txt%3Fsort%3Dtop
R Analysis of a Two-Factor Study (Case II: Interaction Present) # We ...,https://people.stat.sc.edu/hitchcock/melon_2factor_interact_Rexample705.txt
SAS Analysis of a Two-Factor Study (Case II: Interaction Present ...,https://people.stat.sc.edu/hitchcock/melon_2factor_interact_sasexample705.txt
Melon - /CMakeLists.txt - Forge Institutionnelle,https://forge.umons.ac.be/redmine/projects/melon/repository/revisions/96/entry/CMakeLists.txt
U.S._13G_Filing.txt - SEC.gov,https://www.sec.gov/Archives/edgar/data/1073429/000139077718000030/U.S._13G_Filing.txt
