The centre–periphery model and the absorption of EU funds under ...,https://akjournals.com/view/journals/032/67/3/article-p413.xml
the centre–periphery model and the absorption of eu funds under ...,https://akjournals.com/downloadpdf/journals/032/67/3/article-p413.xml
Polarising Pluralism: The Swedish Parliamentary Election of ...,https://journals.scholarsportal.info/details/01402382/v38i0003/730_pptspeos2.xml
Untitled,https://www.wipo.int/ipc/itos4ipc/ITSupport_and_download_area/IPC4/subclass/core/en/xml/G02B.xml
Untitled,http://www.wipo.int/ipc/itos4ipc/ITSupport_and_download_area/IPC1/subclass/core/en/xml/G02B.xml
Choosing a career in psychiatry: expect the unexpected,https://nzmsj.scholasticahq.com/article/12566.xml
Untitled,https://bmjopen.bmj.com/content/4/7/e005308.download.xml
Anxiety and learning in - Berghahn Journals,https://www.berghahnjournals.com/view/journals/latiss/13/2/latiss130205.xml
Untwisted modes - CMST,https://www.cmst.be/publi/docdc/doctoraatsu26.xml
The UNIDROIT Principles of International Commercial Contracts in,https://www.elgaronline.com/abstract/edcoll/9781788971058/9781788971058.00012.xml
