SARDINE.MOV | Peppa Pig Fanon Wiki | Fandom,https://peppafanon.fandom.com/wiki/SARDINE.MOV%3Fli_source%3DLI%26li_medium%3Dwikia-footer-wiki-rec
HOT WIFE HUSBAND FUCK IN RICH ANAL WITH GUEST.MOV ...,https://danhchotre.com/video10969687/hot_wife_husband_fuck_in_rich_anal_with_guest.mov%3Fpl%3D43794679%26plname%3Dflaka
trim.80D89A22-A138-4238-BA1E-669DE86A3FC0.MOV - videossa ...,https://videossa.com/video22171889/trim.80d89a22-a138-4238-ba1e-669de86a3fc0.mov%3Fpl%3D34314359%26plname%3Ddirty
