The Malignancy Risk Assessment of Cytologically Indeterminate ...,https://etj.bioscientifica.com/view/journals/etj/8/2/ETJ494720.xml
Growth hormone and mild exercise in combination increases ...,https://eje.bioscientifica.com/downloadpdf/journals/eje/143/3/409.xml
Ultramarathon Run Markedly Reduces Plasma Sphingosine-1 ...,https://journals.humankinetics.com/view/journals/ijsnem/24/2/article-p148.xml
Some Pediatric Transplant Patients May Have a Markedly Increased ...,https://www.kidneynews.org/abstract/journals/kidney-news/9/6/article-p15_12.xml
RECOMBINANT LARVICIDAL BACTERIA WITH MARKEDLY ...,https://www.ajtmh.org/view/journals/tpmd/72/6/article-p732.xml
Chronic granulomatous disease with markedly ... - AKJournals,https://akjournals.com/downloadpdf/journals/030/60/2/article-p155.xml
Chronic granulomatous disease with markedly ... - AKJournals,https://akjournals.com/view/journals/030/60/2/article-p155.xml
A new pulmonary valve cusp plasty technique markedly decreases ...,https://journals.scholarsportal.info/details/10107940/v40i0005/1221_anpvcpootofr.xml
Anorexia Nervosa with Markedly High Bone Turnover and ...,https://journals.scholarsportal.info/details/0937941x/v31i0007/1395_anwmhbhdrrbd.xml
The Lutong of Kuala Selangor in - Brill,https://brill.com/view/journals/beh/32/1-3/article-p1_1.xml%3Flanguage%3Den
Syria's political and economic relations with the West have improved ...,https://brill.com/previewpdf/book/edcoll/9789004392533/BP000020.xml
Pathology in Practice in - AVMA Journals - American Veterinary ...,https://avmajournals.avma.org/view/journals/javma/259/S2/javma.19.07.0356.xml
ABSTRACT - medRxiv,https://www.medrxiv.org/content/medrxiv/early/2022/02/17/2022.02.16.22271094.source.xml
ON THE STRUCTURE OF PRESSURE SYSTEMS in - AMS Journals,https://journals.ametsoc.org/view/journals/mwre/93/5/1520-0493_1965_093_0297_otsops_2_3_co_2.xml
[PDF] 2 markedly. Although banks generally entered the crisis well ...,https://www.elibrary.imf.org/downloadpdf/journals/002/2010/227/article-A005-en.xml
Cysticercosis of the Spinal Cord in - Journal of Neurosurgery,https://thejns.org/view/journals/j-neurosurg/16/3/article-p337.xml
"SOAN 290: Contemporary Polish Politics, Society, and Culture Poland",https://www.wlu.edu/x12130.xml
Mass Imprisonment: Social Causes and Consequences - SAGE Books,https://sk.sagepub.com/books/mass-imprisonment/n1.xml
"Wayde Killmeyer, Ed.D. - Duquesne University",https://m.duq.edu/x145315.xml
Exploring the EU's Legitimacy Crisis – The Dark Heart of Europe,https://www.elgaronline.com/view/9781784717841/9781784717841.xml
