[PDF] MODEL 22SS 12”(305mm) MEAT SAW - BIRO MANUFACTURING,http://birosaw.com/brochure/
"[PDF] The BIRO Model 22SS Meat Saw, 12” (304.8mm) diameter Blade ...",http://www.birosaw.com/products/wp-content/files_mf/22sssellsheet.pdf
[PDF] IMPORTANT NOTICE - Biro Sales,https://www.birosalesinc.com/wp-content/uploads/2019/03/Biro-Model-22.pdf
[PDF] HEAVY HORSEPOWER GRINDER OPERATING MANUAL ...,https://www.birosalesinc.com/wp-content/uploads/2019/03/HHP-B.pdf
[PDF] How to remove an ink/biro stain | Love Your Clothes,https://www.loveyourclothes.org.uk/sites/default/files/articles/Stain%2520Removal%25208%2520-%2520Ink_biro%2520%2528low%2520res%2529.pdf
[PDF] biro model 33 parts manual,https://www.partstown.com/modelManual/BIRO-33_spm.pdf
[PDF] BIRO-34_spm.pdf,https://static-pt.com/modelManual/BIRO-34_spm.pdf%3Fv%3D1532002600917
[PDF] BIRO-B300M_spm.pdf,https://static-pt.com/modelManual/BIRO-B300M_spm.pdf%3Fv%3D1532002640824
[PDF] MODEL 1433 POWER MEAT CUTTER OPERATING AND SERVICE ...,https://www.nbsparts.com/media/resources/BIRO_1433.pdf
[PDF] Biro v. Hirsch - Connecticut Judicial Branch,https://www.jud.ct.gov/external/supapp/Cases/AROap/ap118.pdf
