[PPT] Pharmaceutical Waste Stream Management - cloudfront.net,https://d3qi0qp55mx5f5.cloudfront.net/ucmfacilities/i/docs/UCMC_Updated_Flowchart_with_CsRx_2020.pptx%3Fmtime%3D1606922672
[PPT] 1's 10's 100's,https://www.gadoe.org/Curriculum-Instruction-and-Assessment/Special-Education-Services/Documents/Eligibility%2520Areas/ID/place%2520value%2520addition%2520w%2520manipuatives%2520rev19.pptx
[PPT] Lead and You,https://science.nd.edu/assets/257914/lead_presentation_v5.pptx
[PPT] Slide 1 - neisd,https://www.neisd.net/cms/lib/TX02215002/Centricity/Domain/1189/Parent%2520Orientation%25202017.pptx
[PPT] Genes in a Bottle Kit Modifications for Socially-Distanced ... - Bio-Rad,https://www.bio-rad.com/webroot/web/pdf/lse/misc/GIB_Option1_modified.pptx
[PPT] PowerPoint Presentation,http://www.mrsdingman.com/LS_Investigation_2_Part_1.pptx
"[PPT] Unit 5: Lists, Loops, and Traversals Lesson 1",https://wcpss.instructure.com/courses/587823/files/23600983/download%3Fdownload_frd%3D1
[PPT] Diffusion Lab - Amazon S3,https://s3.amazonaws.com/scschoolfiles/1114/diffusion_lab.pptx
[PPT] Do Not Open This Book! - SCHOOLinSITES,https://content.schoolinsites.com/api/documents/aa6fe710b9c248dd948ca43f4e4dc842.pptx
