Ejaculate Cost and Male Choice - JSTOR,https://www.jstor.org/stable/2461181
Strategic Allocation of Ejaculates by Male Adelie Penguins - jstor,https://www.jstor.org/stable/2665701
[PDF] Increasing the Yield and Cryosurvival of Spermatozoa from ... - MDPI,https://www.mdpi.com/2079-7737/11/2/154/pdf
Semen quality in ejaculates produced by masturbation in men with ...,https://www.nature.com/articles/sc201271.pdf%3Forigin%3Dppub
Ejaculate Cost and Male Choice - The University of Chicago Press ...,https://www.journals.uchicago.edu/doi/pdf/10.1086/283938
Compartmental Analysis of Sources of the Bovine Ejaculate,https://academic.oup.com/biolreprod/article-pdf/2/2/189/10548879/biolreprod0189.pdf
Frequency of Ejaculation in the Bovine1 - Journal of Dairy Science,https://www.journalofdairyscience.org/article/S0022-0302(60)90321-0/pdf
[PDF] The seminal symphony: how to compose an ejaculate - The Wigby Lab,http://www.wigbylab.com/uploads/1/2/5/2/125278032/perry_sirot_wigby_-_2013_-_the_seminal_symphony_how_to_compose_an_ejaculate.pdf
Pooled sequential ejaculates: a way to increase the total number of ...,https://www.sciencedirect.com/science/article/pii/S0015028216539545/pdf%3Fmd5%3Da88226f40dcfb4d28a6c4d316589f7a8%26pid%3D1-s2.0-S0015028216539545-main.pdf
Fresh semen quality in ejaculates produced by nocturnal emission ...,https://www.fertstert.org/article/S0015-0282(13)02765-9/pdf
A. \l=A%o\gmo - Reproduction,https://rep.bioscientifica.com/downloadpdf/journals/rep/48/2/jrf_48_2_035.xml
[PDF] Impact of boars' sperm concentration of ejaculate and rest days ...,http://vetzootec.ucaldas.edu.co/downloads/v14n1a03.pdf
Postâ•'thaw semen quality in young bull ejaculates before being ...,https://bvajournals.onlinelibrary.wiley.com/doi/pdf/10.1002/vetr.1386
Frozen-thawed spermatozoa from oligozoospermic ejaculates are ...,https://www.fertstert.org/article/S0015-0282(12)00495-5/pdf
Biochemical Parameters of Slowly Liquefying Human Ejaculates,https://www.tandfonline.com/doi/pdf/10.3109/01485018808987065
Structural complexity and molecular heterogeneity of a butterfly ...,http://www.pnas.org/content/114/27/E5406.full.pdf
[PDF] Measurement of Sperm Concentration in Stallion Ejaculates Using ...,https://www.exodusbreeders.com/PDF_equine/LaboratoryManagement/SpermCountersAnalysisTAMU2001.pdf
IMMUNOGLOBULIN A IN SPLIT EJACULATES OF ... - Urology,https://www.goldjournal.net/article/0090-4295(77)90196-0/pdf
[PDF] Comparison between Semen Parameters of Ejaculates Collected ...,http://www.bioline.org.br/pdf%3Frm04002
Semen characteristics in consecutive ejaculates with short ...,https://www.rbmojournal.com/article/S1472-6483(15)00646-X/pdf
[PDF] Pregnancies Following Artificial Insemination with Spermatozoa ...,https://www.diva-portal.org/smash/get/diva2:433600/FULLTEXT01.pdf
[PDF] Challenges Associated with Semen Quality While Collecting Beef ...,https://newprairiepress.org/cgi/viewcontent.cgi%3Farticle%3D8232%26context%3Dkaesrr
[PDF] Replication requirements and number of ejaculates needed for ...,https://scholars.unh.edu/cgi/viewcontent.cgi%3Farticle%3D1318%26context%3Dnhaes
[PDF] Intra-populational variation of ejaculate traits and sperm depletion in ...,https://ir.library.oregonstate.edu/downloads/np193f84m
Social status and ejaculate composition in the house mouse - Journals,https://royalsocietypublishing.org/doi/pdf/10.1098/rstb.2020.0083
[PDF] variation in ejaculate quality in dark-eyed juncos according to ...,https://sora.unm.edu/sites/default/files/journals/auk/v115n03/p0684-p0693.pdf
DO ODOCOILEUS VIRGINIANUS MALES PRODUCE Y - BioOne,https://bioone.org/journalArticle/Download%3FfullDOI%3D10.1644%252FBJK-123
[PDF] Comparison between ram individual ejaculates and semen pool ...,https://www.animal-reproduction.org/article/5f31a3490e8825974265c97b/pdf/animreprod-17-3-5f31a3490e8825974265c97b.pdf
[PDF] POST-THAW MOTILITY AND LONGEVITY OF MOTILITY ... - CiteSeerX,https://citeseerx.ist.psu.edu/viewdoc/download%3Fdoi%3D10.1.1.546.9925%26rep%3Drep1%26type%3Dpdf
[PDF] EFFECTS OF SEMEN PLASMA FROM DIFFERENT ...,https://wcds.ualberta.ca/wp-content/uploads/sites/23/2018/02/Zhu_etal_2000_35.pdf
