[PDF] Self-Supervised Video Representation Learning with Hierarchical ...,https://arxiv.org/pdf/2204.03017
[PDF] Action Recognition in Untrimmed Videos with Composite Self ... - arXiv,https://arxiv.org/pdf/1908.04353
[PDF] The Blessings of Unlabeled Background in Untrimmed Videos,https://openaccess.thecvf.com/content/CVPR2021/papers/Liu_The_Blessings_of_Unlabeled_Background_in_Untrimmed_Videos_CVPR_2021_paper.pdf
Real-World Untrimmed Videos for Activity Detection - IEEE Xplore,https://ieeexplore.ieee.org/iel7/34/4359286/09762531.pdf
[PDF] UCF-System:Activity Detection in Untrimmed Videos,https://www-nlpir.nist.gov/projects/tvpubs/tv20.papers/ucf.pdf
[PDF] Thick Flank (untrimmed) - NET,https://projectblue.blob.core.windows.net/media/Default/Meat%2520Cutting%2520Specs/Leg%2520L044%2520-%2520Thick%2520Flank%2520(untrimmed).pdf
Tables to calculate untrimmed range and standard deviation ...,https://www.tandfonline.com/doi/pdf/10.1080/03610919408813165
[PDF] Action Recognition in Untrimmed Video Clip-Level Preview ...,https://vision.cs.utexas.edu/projects/listen_to_look/listen-to-look-poster.pdf
Stress Measurements on Beak-Trimmed and Untrimmed Pullets1,https://www.sciencedirect.com/science/article/pii/S0032579119336338/pdf%3Fmd5%3D3f798c0c397d125bada9f6b9fabeb8fa%26pid%3D1-s2.0-S0032579119336338-main.pdf
Convergence in distribution of lightly trimmed and untrimmed sums ...,https://www.cambridge.org/core/services/aop-cambridge-core/content/view/AD2819131AC0CDEE3A8F07E03765F507/S0305004100076246a.pdf/div-class-title-convergence-in-distribution-of-lightly-trimmed-and-untrimmed-sums-are-equivalent-div.pdf
[PDF] An Online System for Real-Time Activity Detection in Untrimmed ...,https://www.crcv.ucf.edu/wp-content/uploads/2018/11/Gabriella_ICPR.pdf
[PDF] Context-Aware Action Detection in Untrimmed Videos Using ...,https://www.cs.umanitoba.ca/~ywang/papers/crv18.pdf
PLANT AGE AND THE PHOSPHORUS UPTAKE ... - jstor,https://www.jstor.org/stable/42946886
[PDF] Conversion of trimmed NURBS surfaces to untrimmed Catmull-Clark ...,https://citeseerx.ist.psu.edu/viewdoc/download%3Fdoi%3D10.1.1.722.7131%26rep%3Drep1%26type%3Dpdf
[PDF] C3D and Localization Model for Locating and Recognizing the ...,https://ojs.aaai.org/index.php/AAAI/article/view/21662/21411
[PDF] Video Imprint Segmentation for Temporal Action Detection in ...,https://qilin-zhang.github.io/_pages/pdfs/Video_Imprint_Segmentation_for_Temporal_Action_Detection_in_Untrimmed_Videos.pdf
[PDF] Installation Guide for Untrimmed Panels - Vahallan,https://vahallan.com/wp-content/uploads/2020/05/08320-Installation-Guide-2019-Untrimmed.pdf
[PDF] Temporal Action Localization in Untrimmed Videos via Multi-stage ...,http://www.columbia.edu/~zs2262/files/research/1838-Zheng-Columbia.pdf
[PDF] Activity Recognition in Temporally Untrimmed Videos - CS231n,http://cs231n.stanford.edu/reports/2015/pdfs/anenberg_yu_final.pdf
[PDF] Highly Linear Very Compact Untrimmed On-Chip Temperature ...,http://class.ece.iastate.edu/vlsi2/docs/Papers%2520Done/2010-08-MWSCAS-JH-CZ.pdf
