Docutek,http://61-64-230-150-adsl-tpe.dynamic.so-net.net.tw/login/www.7620.org/serv-u.ini
interface.ini · 6011d2f7a9fd14b587077b4f01dd8107a859ba7b · bp ...,https://git.jwshq.cn/bp/yaconf/blob/6011d2f7a9fd14b587077b4f01dd8107a859ba7b/interface.ini
Welcome Site/User Administrator - Node.List,http://203.105.230.129/login/pageid%3D%2522%2B/**/Activex/odbc.ini
