[PDF] Redliner Charts and Gear Inspection,https://www.geartechnology.com/issues/0399x/QA.pdf
[PDF] Redliner,http://depts.washington.edu/dmgmedia/posters/Redliner.pdf
"[PDF] This redlined draft, generated by CompareRite (TM)",https://rigsetconnect.energytransfer.com/intrastate/postedDocs/RIGS%2520Gas%2520Quality%2520Standards%2520-%2520SOC.pdf
[PDF] WATERVILLE VALLEY REDLINER 125 PATCH - RecDesk,https://wvrd.recdesk.com/RecDeskPortal/Portals/224/WVRD-Patch.OneSheet.pdf
[PDF] Immersive Redliner: Collaborative Design in Cyberspace - Cumincad,http://papers.cumincad.org/data/works/att/d7af.content.pdf
RedLiner: Measuring Service Capacity with Live Production Traffic,https://ieeexplore.ieee.org/iel7/8026102/8029729/08029816.pdf
[PDF] Cheat Sheet Redliner 2 - Vinyl Verified®,https://vinylverified.com/s/Cheat-Sheet-Redliner.pdf
[PDF] wsj redliner remake usc-stamp copy - U.S. Chamber of Commerce,https://www.uschamber.com/sites/default/files/wsj_redliner_remake_usc-stamp.pdf
[PDF] Mariner-Finance-Washington-Post-Redline.pdf,https://www.marinerfinance.com/wp-content/uploads/2018/06/Mariner-Finance-Washington-Post-Redline.pdf
"[PDF] Wachusett Redliner Application - Princeton, MA |",https://www.town.princeton.ma.us/open-space-committee/files/wach-redline-patch-application-form
[PDF] Activity Monitoring For Wheelchair Users - AUTM,https://autm.net/cmswebparts/custom/bwp/generatePDF.aspx%3Fstory%3D%252FAbout-Tech-Transfer%252FBetter-World-Project%252FBWP-Stories%252FRedliner%25E2%2584%25A2
[PDF] Plant-based products are not seafood. - Tuna for Tomorrow,http://www.tunafortomorrow.com/tft/wp-content/uploads/2019/03/NFI-Forbes-Redliner-Forgrieve-1.pdf
[PDF] original document - House Rules Committee,https://rules.house.gov/sites/democrats.rules.house.gov/files/CP-117HR5376RH-COMPARED-RCP117-18.pdf%3Fmkt_tok%3DNjAzLVVSVy0xMjcAAAGAi1k3C57AwzqnmNwmAenjDp0PstCTOioAkBTr8dIiQiWzrjHBfEYfFhXG2qvzNnLnf1nHYyMMPPC6sS_L8kbomFIidbSyIyRiQV_F6OKinW8
"[PDF] This redlined draft, generated by CompareRite (TM)",https://rules.house.gov/sites/democrats.rules.house.gov/files/CP-117HR5376RH-COMPARED-RCP117-18_.pdf
[PDF] Ashford-NBC-Redliner.pdf,https://ashfordfeed.mediaroom.com/download/Ashford-NBC-Redliner.pdf
[PDF] Immersive Redlining & Annotation of 3D Design Models on the Web,https://citeseerx.ist.psu.edu/viewdoc/download%3Fdoi%3D10.1.1.111.1733%26rep%3Drep1%26type%3Dpdf
[PDF] American Precision Gear Inc. 2021,http://www.amgear.com/pdf/2020%2520FLOOR%2520PLAN%2520FINAL%2520DRAFT.pdf
[PDF] ten-year service plan - Greater Northside Management District,http://www.greaternorthsidedistrict.org/Uploads/service%2520plan%2520FINAL%252011-30-10.pdf
[PDF] Forest Hill by Palliser Full Schematic.pdf - Savvy Home Store,https://cdn.savvyhomestore.com/Documents/Forest%2520Hill%2520by%2520Palliser%2520Full%2520Schematic.pdf
[PDF] Immersive Redliner: Collaborative Design in Cyberspace,http://code.arc.cmu.edu/archive/dmgftp/public_html/publications/pdfs/acadia00-tj-old.pdf
