[XLS] Search Results - Washoe County Library System,https://catalog.washoecountylibrary.us/Search/Results%3Flookfor%3D%2522Underground%2Bdance%2Bmusic.%2522%26searchIndex%3DSubject%26filter%5B%5D%3DauthorStr%253A%2522Ratatat%2B%2528Musical%2Bgroup%2529%2522%26sort%3Dtitle%26view%3Dexcel%26searchSource%3Dlocal
[XLS] 2019 Events - Puget Sound Labrador Retriever Association,https://www.pslra.org/wp-content/uploads/2018/12/2019Events.xlsx
[XLS] Sheet1 - Barbershop Harmony Society,https://www.barbershop.org/files/documents/HarmonizerSubjectIndexK-Z.xlsx
[XLS] Hell yes! A B C 1 Artist Album Notes 2 3 Accept Blood of the Nations ...,https://oneloudermag.files.wordpress.com/2011/06/best-releases-of-2010.xlsx
[XLS] Office Depot Sterling Paper Veritiv Liberty,https://www.npschools.org/Downloads/Paper%2520Pricing%2520April%25201%25202020%2520-%2520June%2520%25202020.xlsx
[XLS] CHART: Top Albums: Billboard Top 200,http://vakseen.com/site/wp-content/uploads/2013/04/Week-14-2013-SoundScan-Chartpack.xlsx
[XLS] Plans List - SAM 1066,http://www.sam1066.org/plansinmags.xlsx
[XLS] F5048733_Stat4 works with IP wi - STIM,https://www.stim.se/sites/default/files/unregistred_works.xlsx
[XLS] World of Board Games LLP,https://www.world-of-board-games.com.sg/docs/Product%2520Summary%2520WBG.xlsx
[XLS] Sheet1,https://cdn.loc.gov/copyright/licensing/noi/files/Spotify%2520USA%2520Inc.-2018.07.27-NOI.Waves%2520Against%2520The%2520Boat.xlsx
[XLS] Sheet1,https://cdn.loc.gov/copyright/licensing/noi/files/Spotify%2520USA%2520Inc.-2018.04.30-NOI.xlsx
[XLS] Sheet1 - Grant County Schools,http://www.grant.kyschools.us/Downloads/7%2520-%2520PRESTO%2520Music%2520Directory.xlsx
[XLS] paid_invoice_listing - Brazosport Independent School District,https://www.brazosportisd.net/UserFiles/Servers/Server_415374/File/District/About%2520BISD/District%2520Departments/Business%2520Services/Check%2520Registers/Check%2520Register%2520Mar-May%25202018.xlsx
[XLS] paid_invoice_listing - Brazosport Independent School District,https://www.brazosportisd.net/UserFiles/Servers/Server_415374/File/District/About%2520BISD/District%2520Departments/Business%2520Services/Check%2520Registers/Check%2520Register%2520Sept-Nov%25202019.xlsx
[XLS] Purchase Line Items - Line by P - School District U-46,https://district.u-46.org/foia/upload/file.cfm%3Fid%3D727
[XLS] Sheet1 - Nova Southeastern University,http://www.nova.edu/radiox/forms/Rhythm%2520Radio%2520Music%2520Book.xlsx
[XLS] Sheet1,http://www.marcusmartinmusic.co.uk/sitefiles/18/1/1/181152/orchestral_cat_revised_August_2019.xlsx
[XLS] Collection Report Data - NOBLE Web,http://collection.noblenet.org/reports/FY2017/salemstate/literature_part_1/SSUE_LIT1_all.xlsx
