[XLS] B18 - Govinfo.gov,https://www.govinfo.gov/content/pkg/ERP-2021/xls/ERP-2021-table18.xls
[XLS] Real household disposable income - OECD iLibrary,https://www.oecd-ilibrary.org/real-household-disposable-income_5k4dpmzp9238.xls%3FitemId%3D%252Fcontent%252Fcomponent%252Ffactbook-2013-table59-en%26mimeType%3Dvnd.ms-excel
[XLS] Household debt Percentage of net disposable income - OECD iLibrary,https://www.oecd-ilibrary.org/household-debt_5jrp2s6gtgr2.xls%3FitemId%3D%252Fcontent%252Fcomponent%252Fna_glance-2015-table31-en%26mimeType%3Dvnd.ms-excel
"[XLS] Results All years PI, PT, DPI",https://www.bea.gov/sites/default/files/papers/WP2008-2-results.xls
[XLS] Garnishment Workbook - Oregon.gov,https://www.oregon.gov/das/Financial/Payroll/Documents/garnishments.xls
[XLS] Disposable Personal Income Per Capita in Current ... - Census.gov,http://www2.census.gov/library/publications/2007/compendia/statab/127ed/tables/08s0660.xls
[XLS] 07s0661 - Census.gov,http://www2.census.gov/library/publications/2006/compendia/statab/126ed/tables/07s0661.xls
[XLS] Household Finances – Selected Ratios – E2 - Reserve Bank of ...,https://www.rba.gov.au/statistics/tables/xls/e02hist.xls
[XLS] Contents - SCB,https://www.scb.se/contentassets/1e19cd2718e74100b09e21482a7e4db4/fm0103_2019a01_di_04_en.xls
[XLS] Regional gross disposable household income: all ITL level regions,https://www.ons.gov.uk/file%3Furi%3D%252Feconomy%252Fregionalaccounts%252Fgrossdisposablehouseholdincome%252Fdatasets%252Fregionalgrossdisposablehouseholdincomegdhi%252F1997to2019/regionalgrossdisposablehouseholdincomeallitlregions.xls
"[XLS] B.8 - Net National Income, Private Disposable Income and Saving ...",https://www.boi.org.il/en/NewsAndPublications/RegularPublications/Pages/Boi.ashx%3FCommand%3DDownloadFile%26DocUrl%3D%252Fen%252FNewsAndPublications%252FRegularPublications%252FDocuments%252FDochApp2015%252Fb1%252Fb_8_e.xls
[XLS] BidTab for EVA001_QQ229053 A B C D E F G H I J K L 1 Quick ...,https://mvendor.cgieva.com/Vendor/public/bidTabDownload.jsp%3FREQUEST_ID%3DEVA001_QQ229053%26ORG_REQUEST_ID%3DEVA001_QQ229053
[XLS] TBL-8,https://www.mhlw.go.jp/english/database/db-hss/xls/cslc-t8.xls
[XLS] Gross national disposable income (XLS file),http://www.finances.gov.ma/Publication/dtfe/2009/7772_grossnationaldisposableincome.xls
[XLS] Data Fig1abc A B C D E F G H I J K L M N O 1 Figure 1: Trends in ...,https://www.eea.europa.eu/data-and-maps/figures/trends-in-nominal-end-user-energy-prices-and-disposable-income-eu15-eu-25-for-road-transport-fuels/en31_fig1abc.xls/at_download/file
[XLS] National disposable income - INE,https://www.ine.es/en/daco/daco42/cne/rnd_en.xls
[XLS] nrha -- wound care supplies non-stock purchase requisition,https://northernhealthregion.com/wp-content/uploads/2019/06/Wound-Care-Non-Stock-Standardization-List.xls
[XLS] Disposable Resuscitators – FOI – 18.8.2016,https://hgs.uhb.nhs.uk/wp-content/uploads/Disposable-Resuscitators-FOI-18.8.2016.xls
[XLS] Approved Subs - URMC,https://www.urmc.rochester.edu/purchasing/documents/approved-sub-crosswalk.xls
