Embossed Teddy Duvet Cover Set Single Double King Size Fleece ...,https://www.indaco.com.br/17582.txt
Blue Duvet Bedding Storage Space Saving Bag Zip Single Handle ...,https://www.indaco.com.br/21526.txt
duvet/requirements_dev.txt at main · beeware/duvet - GitHub,https://github.com/beeware/duvet/blob/main/requirements_dev.txt
Anime Lyrics dot Com - Duvet - Serial Experiments Lain,https://www.animelyrics.com/anime/lain/selduvet.txt
0001047469-20-001618.txt - SEC.gov,https://www.sec.gov/Archives/edgar/data/1598674/000104746920001618/0001047469-20-001618.txt
Uncategorised - GABEL GROUP,https://www.gabelgroup.com/2/license.txt
category_recommendations_sup...,https://docs.commercetools.com/api/downloads/category_recommendations_supported_categories.txt
0607481.txt - Project Gutenberg Australia,https://gutenberg.net.au/ebooks06/0607481.txt
wordle.txt,http://math.dartmouth.edu/~doyle/docs/misc/wordle.txt
