[DOC] Motivation-Teaching-Guide_-10-30-2020.docx - Vanderbilt University,https://cdn.vanderbilt.edu/vu-wp0/wp-content/uploads/sites/59/2010/06/02122447/Motivation-Teaching-Guide_-10-30-2020.docx
[DOC] Motivation Self and Team Assessment,https://employeeengagement.com/wp-content/uploads/2014/01/Seven-Motivators-Resource-Tool.docx
[DOC] Motivation and Engagement - The Education Trust,https://edtrust.org/wp-content/uploads/2014/09/Handout-2-_Motivation-and-Engagement-Research.docx
[DOC] 2014 CTI - Order of the Arrow,https://oa-bsa.org/sites/default/files/training-syllabus/DI%2520-%2520Motivation.docx
[DOC] CHAPTER 8: THE MOTIVATION TO WORK,https://home.ubalt.edu/tmitch/641/Landy%25203rd%2520instructor%2520files/ch08-1.docx
[DOC] finding your motivation.indd - UT Austin Wikis,https://wikis.utexas.edu/download/attachments/154547070/Finding%2520your%2520motivation.e%2520%25282%2529.docx%3Fversion%3D2%26modificationDate%3D1587463616000%26api%3Dv2
[DOC] Maintaining motivation - employee guide,https://www.education.vic.gov.au/hrweb/Documents/Maintaining-motivation-Employee-guide.docx
[DOC] Strategies to Increase Engagement and Motivation,http://www.education.vic.gov.au/Documents/school/teachers/teachingresources/diversity/engagemotivate.docm
[DOC] Can Character Traits be Aesthetically Motivated - PhilArchive,https://philarchive.org/archive/FILCCT
[DOC] Motivational Framework for Culturally Responsive Teaching,https://eclearn.emmanuel.edu/courses/1285497/files/50939634/download%3Fverifier%3DdDa7h9ZoLbj8q2YfBFHb1xg0tAW5f6OArdimocqn%26wrap%3D1
