[XLS] utf8_2,http://rosvois.ru/fileadmin/site/php/excel/file1360654059_1360655903.xls
