[PPT] Caught-in Hazards - OSHA,https://www.osha.gov/sites/default/files/2018-11/fy10_sh-20843-10_cw202_caught-in_sp.ppt
[PPT] peligros de ser golpeado -estadísticas - OSHA,https://www.osha.gov/sites/default/files/2018-12/fy11_sh-22301-11_Enfoque4GolpeadPor.ppt
[PPT] Cuatro Cuatros,https://matematicasiesoja.files.wordpress.com/2019/05/cuatro-cuatros.ppt
[PPT] PowerPoint Presentation - INALL - Instituto Nacional del Puerto de ...,http://inall.objectis.net/docentes/prof.-ricardo-ernesto-maldonado/cuatro%2520cuatros.ppt/at_download/file
[PPT] Los cuatro Pilares de la Educacíon - WordPress.com,https://riebprimaria2012.files.wordpress.com/2012/06/los-cuatro-pilares-dela-educacion-27-noviembre-20072.ppt
[PPT] 5 Las teorías sobre el origen de la vida La generación espontánea,https://www.edistribucion.es/anayaeducacion/8450034/recursos/4BG_U05/4BG_U05_01_EPI_01/02_teorias_origen_vida.ppt
[PPT] 1. ÉTICA Y NEGOCIOS Aplicación de los conceptos ... - ECOTEC,https://www.ecotec.edu.ec/material/material_2020A1_ADM244_04_134128.ppt
[PPT] Los 12 días de Navidad - Miss Mallo,http://missmallo.weebly.com/uploads/6/7/1/4/6714009/12d%25C3%25ADasdenavidadadap.ppt
[PPT] Evaluación del Proyecto profesional - Centro de Aprendizaje ...,http://practicasprofesionales.ula.edu.mx/documentos/MATERIALES_APOYO/Est_Met_Trabajo_Proy_prof_LicOK.pps
[PPT] Sin título de diapositiva - Matemáticas,http://matematicas.torrealmirante.net/RAFAEL%2520BRACHO%2520LOPEZ/Pasa1.ppt
[PPT] Los cuatro grandes sistemas sociales - U-Cursos,https://www.u-cursos.cl/ingenieria/2009/2/IN576/1/material_docente/bajar%3Fid_material%3D241949
[PPT] Teoría de los Temperamentos Tim LaHaye,https://www.unav.edu/documents/10162/24924238/teoriadelostemperamentos.ppt/6b7c23d4-2c56-d5a1-c12a-86f6b4b51352
[PPT] SISTEMAS DE REPRESENTCIONES - IHMC Public Cmaps (3),http://cmapspublic3.ihmc.us/rid%3D1243112544875_204991990_8900/SISTEMAS_DE_REPRESENTCIONES.ppt
"[PPT] Cuatro amigos se encontraron en una fiesta, después de ... - Mis pps",https://www.mispps.com/graciosos-14/cuatros-amigos-se-encuentran-en-una-fiesta/%3Faction%3Ddlattach%3Battach%3D5990
[PPT] República de Nicaragua Ministerio de Gobernación - Conferencia ...,https://www.crmsv.org/sites/default/files/Presentaciones/nicaragua-presentacion-ixcrm.ppt
[PPT] Consejo Empresarial de la Alianza del Pacífico,https://www.senado.gob.mx/comisiones/relext_alyc/eventos/docs/presentacion_ceap_271117.ppt
[PPT] ANUALIDADES (CAPITULO 4) -.:: GEOCITIES.ws ::.,http://www.geocities.ws/zzmcruz/ANUALIDADES_teoria.ppt
[PPT] Slide 1 - Rachel Hawkes,http://www.rachelhawkes.com/Resources/Yr7/DescriptionLesson2.11DL.ppt
[PPT] Apoyo a la elaboración de Planes de Acción ENDE - | PARIS21,http://www.paris21.org/sites/default/files/2255.ppt
[PPT] Oferta Agregada - UCEMA,http://www.ucema.edu.ar/~rbf/MacroIntermedia/Cap_13_Oferta_Agregada_por_KF.ppt
[PPT] TÉCNICAS DE BÚSQUEDA Y SUS APLICACIONES,https://www.dsi.uclm.es/personal/miguelfgraciani/mikicurri/docencia/InteligenciaArtificial0607/web_IA/Documentacion/Trabajos/Tecnicas%2520de%2520busqueda/T%25C3%2589CNICAS%2520DE%2520B%25C3%259ASQUEDA(1).ppt
[PPT] ¿QUÉ ES EL ARTE?,https://eco.mdp.edu.ar/cendocu/repositorio/fabiani/ambros/algo_arte.ppt
[PPT] ACCIDENTES GRAMATICALES DEL VERBO (PARTE 1,http://www.guayama.inter.edu/tvc/modulos/josefinairizarry/accidentesgramaticalesdelverbo.ppt
[PPT] Presentazione di PowerPoint - Senado,https://senado.cl/senado/site/docs/20110914/20110914093102/7_______presentacion_seminario_senado.ppt
[PPT] Diapositiva 1 - Liceo Bicentenario Mary Graham,https://www.liceomarygraham.cl/wp-content/uploads/2020/07/FDGeo_-U2_-Geografi%25CC%2581a-de-Chile-II-PARTE.ppt
[PPT] Diapositiva 1 - Observatorio Regional de Recursos Humanos de ...,https://observatoriorh.org/sites/default/files/webfiles/educacion/Residencias/HSS_RH_Chile%2520FESubespecialistas_HTM.pps
[PPT] Diapositiva 1 - MindMeister,https://www.mindmeister.com/generic_files/get_file/263912%3Ffiletype%3Dattachment_file
[PPT] FISIOPATOLOGÍA HEMATOLÓGICA,https://fisiopatounibe2012.files.wordpress.com/2012/11/fisiopatologia-hematologica-2.ppt
[PPT] Diapositiva 1,http://gpcambiemos.org/portal/descargas/memorias_2004/luis_ramon_lopez.pps
