Jayce/LoL/Audio - League of Legends Wiki - Fandom,http://leagueoflegends.wikia.com/wiki/File:Jayce.laugh4.ogg
Durge | Wookieepedia - Fandom,http://starwars.wikia.com/wiki/File:SanHillDoesntKnow.ogg
File:Sequence of PSR B1509-58 Images.ogv - Wikimedia Commons,https://commons.wikimedia.org/wiki/File:Sequence_of_PSR_B1509-58_Images.OGG%3Fuselang%3Dfa
