[PPT] Writing commentaries: a workshop,https://warwick.ac.uk/fac/arts/modernlanguages/applying/undergraduate/frenchmodules/fr118ps/formative/commesswriting/wkshop/commentary_lecture_workshop.pptx
[PPT] Insightful Commentary Strategies - Denton ISD,https://www.dentonisd.org/cms/lib/TX21000245/Centricity/Domain/5042/Insightful%2520Commentary%2520Strategies.pptx
[PPT] Commentary Writing Guidelines and FAQ,http://www.tcd.ie/French/assets/doc/Commentary%2520Writing%2520Guidelines%2520Updated.pptx
"[PPT] RDA 6.27.1.6 Commentary, etc. with original text Situation #2",https://tpot.ucsd.edu/toolbox/training/files/ucsd-rda-training-compilations-pt4.ppt
[PPT] Individual Oral Commentaries - Mr. Offerman's Class,http://mroffermansclass.weebly.com/uploads/1/4/7/8/14787504/individual_oral_commentaries.pptx
[PPT] Mastering Commentary,https://www.paulding.k12.ga.us/cms/lib/GA01903603/Centricity/Domain/2503/tacklingtheessaymasteringcommentary.pptx
"[PPT] Claim, Evidence, Commentary",https://www.cusd80.com/cms/lib/AZ01001175/Centricity/Domain/1074/CEC.pptx
[PPT] Writing for Full Presence,http://cte.nmhu.edu/wp-content/uploads/2021/01/Student-Determined-Writing.pptx
[PPT] Concrete Detail vs. Commentary,http://www.chino.k12.ca.us/cms/lib8/CA01902308/Centricity/Domain/3438/Proper%2520Paragraph%25202.pptx
[PPT] Paragraph Writing - Mayfield City Schools,http://www.mayfieldschools.org/Downloads/paragraph_writing_chunking.pptx
