[PPT] Download Figures (PPT) - The Lancet,https://www.thelancet.com/journals/lanrhe/article/PIIS2665-9913(21)00401-X/ppt
[PPT] TOPLESS promotes plant immunity by repressing auxin signaling ...,https://www.cell.com/plant-communications/ppt/S2590-3462(21)00183-8.ppt
[PPT] HPD Vice Division Human Trafficking Update - City of Houston,https://www.houstontx.gov/council/committees/pshs/20160209/Human_Trafficking_Update.pptx
[PPT] Proteomics dataset containing proteins that obscure identification of ...,https://www.data-in-brief.com/article/S2352-3409(18)30911-9/ppt
[PPT] Legal Elements of School Bullying & Harassment Claims - CT.gov,https://portal.ct.gov/-/media/SDE/Title-IX/Investigation_Training_Oct_Nov.pptx
[PPT] The New Title IX Regulations - CT.gov,https://portal.ct.gov/-/media/SDE/Title-IX/ACES_Title_IX_Training_Oct_2020.pptx
[PPT] What can if-stripping tell us about ellipsis?,https://cla.purdue.edu/academic/sis/p/iell/documents/Ethan_NELS%25202018%2520If-Stripping.pptx
[PPT] Online Body Image Lesson PPT PPTX Format (6.84MB),https://www.childnet.com/wp-content/uploads/2021/03/Body-image-lesson-ppt.pptx
[PPT] PowerPoint Presentation,https://mymission.lamission.edu/userdata/zaiensme/docs/Prisoner-Own-Mind_story.pptx
[PPT] PowerPoint Presentation - What is GSA SmartPay?,https://smartpay.gsa.gov/sites/default/files/downloads/GSAAdditional%2520%2528DoD%2529%2520-%2520Identifying%2520Potential%2520Card%2520Misuse%2520-%2520Ken%2520Hennessy_CLP.pptx
[PPT] Storytelling and Literature - ARMYTAGE.NET,http://www.armytage.net/updata/Storytelling%2520and%2520Literature%2520Lecture%2520Slides%25207.pptx
[PPT] Fiscal Profile Workshop Presentation - ECTA Center,https://ectacenter.org/~ppts/meetings/ecidea18/FiscalDataWorkshopPresentationParticipantVersion.pptx
[PPT] The Open Library - LIR HEAnet,https://lirgroup.heanet.ie/wp/wp-content/uploads/2014/02/Open-Library-DJ_LIR_21_3_14.pptx
[PPT] The SKIPS Safety Net Programme engages and empowers teachers ...,https://www.birmingham.gov.uk/download/downloads/id/14271/skips_-_the_safety_net_programme.pptx
[PPT] FORUM - 600 Camp,https://600camp.com/wp-content/uploads/2022/05/PPT-DBA-Business-Litigation-May-10-2022-FINAL.pptx
[PPT] Do You Know the Law?,http://phscanadianlaw.weebly.com/uploads/2/3/3/6/23360038/do_you_know_the_law_quiz.pptx
[PPT] An Introduction to British Media,https://www.unipo.sk/public/media/35696/British%2520media.pptx
[PPT] Elizabethan Theatre and William Shakespeare,https://www.ff.umb.sk/cms/saveDataFilePublic.php%3Fuid%3Dmkubus%26path%3DBV_pmAcQJNoq6aQAl8emE5rh0ZrSOaUV1_wK0AnBZp83UQcQ8eqMM3nc8vpDvxffrLKgL9ws97C0aeXPH-9Wu40xzbG4qnit5qU1QxJCJK8rJNqOnOkdAyaKzePp64lm
[PPT] Slide 1 - Schools,https://schools.oxfordshire.gov.uk/cms/sites/schools/files/folders/folders/documents/healthyschools/E-Safety%2520Conference%2520%2520-%2520HOST%25202013%2520Conference%2520-%2520Keynote%2520Speech%2520-%2520Professor%2520Andy%2520Phippen.pptx
[PPT] Negotiating “Girl” Online: Practice Speaks to Theory - WordPress.com,https://egirlsproject.files.wordpress.com/2014/05/what-was-she-thinking.pptx
[PPT] Elder Fraud - 41st District Republican Club PAC,https://41strepublicanclub.com/wp-content/uploads/2021/12/41st-Elder-Fraud-2021-by-Sgt-Morris.pptx
[PPT] Alabama Beverage License Types Laws Restricting Alcohol Service,https://www.servsafe.com/Documents/ServSafe-Alcohol/ServSafe-Alcohol-Course-3rd-Edition_Alabama.aspx
[PPT] US Labor and Employment Law: Margaret Hart Edwards Unit 2,http://www.tf.vu.lt/wp-content/uploads/2017/05/Copy-of-PPT-on-US-Labor-and-Employment-Law.pptx
[PPT] Y11 Creative Writing - WordPress.com,https://filmandmediaportal.files.wordpress.com/2018/03/as-level-creative-writing.pptx
[PPT] PowerPoint Presentation - Royal College of Surgeons of Edinburgh,https://www.rcsed.ac.uk/media/563982/tackling-undermining-and-bullying-13-feb-2020.pptx
[PPT] ENTS on ZOOM,http://www.ents.or.kr/wp-content/uploads/2022/06/8_Chapter-7.pptx
[PPT] Portraits and Performativity: - Jessica Reidy,https://jessicareidydotcom.files.wordpress.com/2017/08/portraits-and-performativity.pptx
