[XLS] Sheet 1 - IRS,https://www.irs.gov/pub/irs-soi/01eo02ub.xls
[XLS] Sheet 1 - IRS,https://www.irs.gov/pub/irs-soi/99eo06ub.xls
[XLS] Table B-4 - Census.gov,https://www2.census.gov/programs-surveys/demo/tables/p60/270/tableB-4.xls
[XLS] tables,https://dpi.wi.gov/sites/default/files/imce/cte/xls/14cteersfusum.xls
[XLS] tables,https://dpi.wi.gov/sites/default/files/imce/cte/xls/13cteersfusum.xls
[XLS] NR Area 01,http://ahca.myflorida.com/medicaid/Policy_and_Quality/Policy/Managed_Care_contracting/MHMO/docs/Templates/2012-2015-Templates/BMHCCriticalncidentsSummaryReportFinal.xls
[XLS] Sheet1,http://safetydata.fra.dot.gov/OfficeofSafety/ProcessFile.aspx%3Fdoc%3Dcircumstance/appendix%2520F%2520-%2520probable%2520reason.xls
[XLS] Consolidated Financial Tables,https://www.ttyatirimciiliskileri.com.tr/media/w1nnpv3z/q120_consolidated-financial-tables_final.xls
[XLS] Relation Dictionary,http://www.biominingbu.org/GenDisFinder/suppl/Suppl_Material_S2.xls
[XLS] computer technology,https://www.socccd.edu/technologyandlearning/documents/2007OccupationalKnowledgeSkillsAbilities_000.xls
