[PPT] Future value of a periodic deposit investment B - Financial Algebra,https://www.cusd80.com/cms/lib/AZ01001175/Centricity/Domain/10047/2.7%2520Lesson%2520edit.pptx
[PPT] ISO - NET,https://energiforskmedia.blob.core.windows.net/media/22767/laura-malek.pptx
[PPT] Travel and Entertainment Reimbursement Requests Laura Sheehan,https://www.uclahealth.org/family-medicine/workfiles/research/TRAINING_Travel_Ent_11-18-19.pptx
[PPT] Laura Masor - Texas A&M Plant Breeding Symposium,http://plantbreedingsymposium.com/s/BioSlide-Templates.pptx
[PPT] Groups for Women who use violence Ellen Pence Laura Connelly ...,https://www.theduluthmodel.org/wp-content/uploads/2017/03/Developing-Groups-with-Women-Who-Use-Violence.pptx
[PPT] Laura Jean Checki Principal Park Naturalist County of Bergen,https://www.lpi.usra.edu/education/scientist-engagement/resources/Differently-Abled-Audiences.pptx
[PPT] Lessons of Salem By:Laura Shapiro - White Plains Public Schools,http://www.whiteplainspublicschools.org/cms/lib5/NY01000029/Centricity/Domain/1299/Period%25201%2520Lessons%2520Learned.pptx
[PPT] PowerPoint Presentation - Tufts,https://sites.tufts.edu/asatufts/files/2020/09/Laura-Corlin-ASA-Presentation.pptx
[PPT] Main results from regression analysis Linda Laura Sabbadini,https://data.unwomen.org/sites/default/files/documents/session%25202%2520linda%2520laura%2520sabbadini.pptx
[PPT] Grants Innovation Exchange Session Innovative Equity Practices,https://www.cfo.gov/wp-content/uploads/2021/12/20211216%2520Grants%2520Innovation%2520Exchange%2520Session%2520Final.pptx
[PPT] Coaching Abrasive Leaders: Using Action Research to Increase ...,https://www.energy.gov/sites/prod/files/2014/11/f19/Dealing%2520with%2520the%2520Problem%2520of%2520Abrasive%2520Leaders%2520November%25202014.pptx
[PPT] Tracking COVID Compliance in a Medical Library,https://scholarworks.iupui.edu/bitstream/handle/1805/26130/MLA_2021_LightningTalk.pptx%3Fsequence%3D1%26isAllowed%3Dy
[PPT] Download Figures (PPT) - The Lancet,https://www.thelancet.com/journals/lanchi/article/PIIS2352-4642(20)30177-2/ppt
"[PPT] Laura Hicks  Osborne High School   Marietta, Georgia  ",https://www.nasdtec.net/resource/collection/7FA1FC48-57F3-4F04-B206-1D758EEB4A89/Powerful_Partnerships_Master_PPT.pptx
[PPT] Development Through the Lifespan - Canvas,https://canvas.pointloma.edu/courses/28814/files/785279/download%3Fverifier%3Dofxp5L2B4CtYXfjj16fC55dFlF6fhNSyR6BZ08D7%26wrap%3D1
"[PPT] Chapter 19 Death, Dying, and Bereavement",https://murraystate.instructure.com/courses/1288195/files/55407739/download%3Fwrap%3D1
[PPT] Laura Huggett DiBenedetto - Midway Elementary School,https://mes.tangischools.org/fs/resource-manager/view/d332cf5f-affe-46d3-8667-66eb687adfd7
[PPT] Code's Provision SEC and PCAOB Rules - IFAC,https://www.ifac.org/system/files/meetings/files/Agenda-Item-9-Benchmarking-Laura-Friedrich.pptx
[PPT] Dr. Laura-Madalina Popescu Laboratory of Nanostructured ...,https://bioneca.eu/wp-content/uploads/2017/06/popescu-madalina-bioneca.pptx
[PPT] Proper Installation & Maintenance of Shade Trees & Palms,https://discover.pbcgov.org/coextension/horticulture/pdf/commercial/UFslideshows/Module-5_Palm-Anatomy.ppsx
