[PPT] Perspectives on Memetics -Cultural Transmission as a Darwinian ...,http://www.drmillslmu.com/Evolpsyc/spr2004/PerspectivesonMemetics.ppt
[PPT] Recent Advances in Memetic Algorithms,https://www.cs.bgu.ac.il/~sipper/courses/ecal102/natalio-ma.ppt
[PPT] Memetic algorithms - An introduction - CSE-IITB,https://www.cse.iitb.ac.in/~pkamle08/website/pres/memalgo.ppt
[PPT] The Evolution of Culture,http://sociology.morrisville.edu/perpetual/Cyberculture/02-The_Evolution_of_Culture.ppt
[PPT] Hybrid Evolutionary Algorithms,https://www.cs.vu.nl/~gusz/ecbook/slides/Memetic_Algorithms.ppt
[PPT] Hardware Implementation of a Memetic Algorithm for VLSI CAD ...,http://islab.soe.uoguelph.ca/sareibi/PUBLICATIONS_dr/talks/ICM2004-StephenCoe-MemAlgImp.ppt
[PPT] Memetic Algorithm for ATSP - HKBU COMP,http://www.comp.hkbu.edu.hk/~AAMAS/slides/MemeticAlgorithmATSP.ppt
[PPT] PowerPoint Presentation - Language Log,http://languagelog.ldc.upenn.edu/myl/llog/Evolution.ppt
[PPT] Maroons in the 21st Century - Shifting Borders of Race and Identity,http://www.shiftingborders.ku.edu/mark_harris.ppt
[PPT] Strategic Outlook : Tactical Responses - The Open Group,http://www.opengroup.org/sites/default/files/contentimages/Consortia/Jericho/presentations/Managing_Collaboration_Effectively.ppt
[PPT] Early organisms needed HGT to get going.,https://semioticon.com/virtuals/memes2/higgs_paper.ppt
[PPT] PowerPoint Presentation - Language Log,http://languagelog.ldc.upenn.edu/myl/ldc/old.coll002/Liberman7.ppt
[PPT] From WebQuests to Web Inquiry,http://webinquiry.org/WQvsInquiry.ppt
[PPT] Agent Based Modelling of Software Organisations - David Hales,http://davidhales.name/talks/ppig/ppig2.ppt
[PPT] Slide 1,http://www2.law.columbia.edu/fagan/courses/law_socialscience/documents/Spring_2006/Class%252028-Guns/LSS_Gun_Contagion.ppt
[PPT] Example: Will Evolution Favour the Altruistic Communication that ...,https://www.anthro.ox.ac.uk/sites/default/files/anthro/documents/media/joannaexrel_pp97.ppt
[PPT] Design - Purdue Computer Science,https://www.cs.purdue.edu/homes/bb/cs542-06Spr/week3_lecture1.ppt
[PPT] CULTURAL ALGORITHMS: A TUTORIAL - Santa Fe Institute Events ...,https://wiki.santafe.edu/images/b/b9/Reynolds_Algorithms_2002.ppt
[PPT] Evolving objects,http://pdg.cnb.uam.es/cursos/DocBioInfo/jjmerelo/eo.ppt
[PPT] Introduction to Evolutionary Computation.,http://web.cecs.pdx.edu/~mperkows/CLASS_574/574-fall-08/Intro2EC.ppt
[PPT] Bona nit - Computer Science Department,https://www.cs.upc.edu/~mallba/public/slides/jornadas_seguimiento.ppt.gz
[PPT] Dia 1,http://users.jyu.fi/~miettine/kurssit/jatkoksem/MASINGER_group.ppt
[PPT] Particle Swarm Optimization mini tutorial,http://www.macs.hw.ac.uk/~dwcorne/Teaching/bic_12_acopso.ppt
[PPT] Aristotle's biology Evolutionary ideas until Darwin History of ...,https://www.uibk.ac.at/philtheol/loeffler/zagrebevolution2015final.ppt
[PPT] Consciousness - Cog Sci,http://www.cogsci.ucsd.edu/~pineda/COGS175/presentations/cs175-05/Consciousness%2520Real.ppt
[PPT] General River and Reservoir Modeling Environment,http://civil.colorado.edu/~balajir/CVEN5393/lectures/Meta-Heuristics%2520Overview.ppt
[PPT] Many Objective Optimization - VideoLectures.NET,http://videolectures.net/site/normal_dl/tag%3D45458/mla09_ray_saom_01.ppt
[PPT] Two ways of attacking the problem of Artificial Consciousness: Start ...,http://www.cogsci.uci.edu/~ddhoff/BlackmoreSection5.ppt
[PPT] Bez tytułu slajdu - ECho,http://www.echo-upb.de/source/Uni/OR_B/Metaheuristik.ppt
"[PPT] Neal Stephenson, Snow Crash (1992) - University of Alberta",https://sites.ualberta.ca/~cindyc/CompLit342Nov3.ppt
[PPT] Definitions and Characteristics of VREs,https://www.immagic.com/eLibrary/SOURCE/JISC_UK/J071001T.ppt
[PPT] MC Template - NCRM EPrints Repository,https://eprints.ncrm.ac.uk/id/eprint/169/1/ResearchMethodFestival-July2008.ppt
[PPT] Exploring the Value of Prediction in an Artificial Stock Market,http://cfpm.org/sic/edmonds-slides.ppt
[PPT] Simultaneous scheduling of machines and automated guided vehicles,https://perso.isima.fr/~lacomme/doc/Presentation_Tchernev.ppt
[PPT] IEEE Transactions on Evolutionary Computation,http://www.eng.auburn.edu/~sealscd/Intro2EC.ppt
"[PPT] Universal (Science,Technology,Computation) - Acceleration Watch",http://www.accelerationwatch.com/presentations/AdaptingtoFuture(Army)8.04.ppt
[PPT] Access Grid - Support in the UK - SLAC,https://www.slac.stanford.edu/conf/hepix05/talks/monday/gordon.ppt
[PPT] AGSC - UCL Computer Science,http://www0.cs.ucl.ac.uk/research/sumover/presentations/MDaw_AGSC_MboneWorkshop.ppt
[PPT] Research Infrastructures Conference - UKOLN,http://www.ukoln.ac.uk/ukoln/staff/e.j.lyon/research-infrastr-nott-final-lyon.ppt
[PPT] A Simple Optimized Search Heuristic for the Job-Shop Scheduling ...,http://www.econ.upf.edu/~ramalhin/OSHwebpage/Files/OSH_Optimization2007.ppt
[PPT] PowerPoint Presentation - MSmidterm,https://ikit.org/fulltext/MSmidterm_final_files/MSmidterm_final.ppt
[PPT] Exploring the Value of Prediction in an Artificial Stock Market - Bruce ...,http://bruce.edmonds.name/ulgtsdl/ulgtsds.ppt
[PPT] presentation slides - York University,http://www.yorku.ca/sychen/research/papers/IEA-AIE2007.ppt
[PPT] Folie 1 - Zuse Institute Berlin (ZIB),http://www.zib.de/groetschel/teaching/SS2010/100518ADMIII-Vorlesung-TSP-Survey.ppt
[PPT] Diabetic Nephropathy - Nephron,http://nephron.com/php/ceu_downloads/diabetes.pps
[PPT] Escherichia coli. Used for continuous optimization - Romsdal ...,http://www.romsdal-myntforening.no/web/slides/Lecture_11_Nature.ppt
[PPT] title - TUKE,http://www3.ekf.tuke.sk/seminar/archiv/Sabol%2520-%2520Ekonomia_Interdisciplinary_v4.ppt
[PPT] Viruses & Worms - Computer Science | Binghamton University,http://www.cs.binghamton.edu/~steflik/cs431/notes/Viruses_Worms.ppt
