Ahok Disarankan Putuskan Jalur Pilkada pada Juni Ini - Kompas ...,https://megapolitan.kompas.com/read/xml/2016/06/26/08154921/ahok.disarankan.putuskan.jalur.pilkada.pada.juni.ini
please login,http://210-242-148-168.hinet-ip.hinet.net/login/log/includes/sources/php.ini
php - Login to @Mail,http://210.242.147.132/login/lib/log/preferences.ini
[PDF] walikota ternate,https://jdih.ternatekota.go.id/read.ini%3F1556595138xeqobx0xrmcvrqp42lh7tq
Uploader - V.Networks [Top],http://103.106.74.51/login-us/axis-cgi/flashFXP.ini
