[PPT] Thank You,https://journals.lww.com/greenjournal/fulltext/2015/09000/Severe_Postcoital_Bleeding_From_a_Uterine_Artery.27.aspx%3FPpt%3DArticle%257Cgreenjournal:2015:09000:00027%257C%257C
"[PPT] Ch. 16 and 17 Religion, Death Anxiety, and Afterlife Beliefs",http://www2.southeastern.edu/Academics/Faculty/mrossano/grad_cog/gradcogf18/Chapters%252016and17.pptx
[PPT] Evolutionary Threat Assessment Systems Theory (ETAS),http://www2.southeastern.edu/Academics/Faculty/mrossano/grad_cog/gradcogf18/chapter%252014.pptx
[PPT] Download Figures (PPT) - Transplantation and Cellular Therapy,https://www.astctjournal.org/article/S1083-8791(20)30585-1/ppt
[PPT] Management of minor cervical cytological abnormalities: A ...,https://www.cancertreatmentreviews.com/article/S0305-7372(07)00074-6/ppt
[PPT] Download Figures (PPT) - European Journal of Cancer,https://www.ejcancer.com/article/S0959-8049(09)00055-0/ppt
[PPT] Colposcopy - Devon Training Hub,https://www.devontraininghub.co.uk/documents/525/7._Colposcopy_v1_pptx.pptx
[PPT] PTSD and Spirituality,http://www.nacc.org/docs/ed-events/Trauma%2520Spirituality%2520and%2520Diverse%2520Cultures%2520-%25207-20-20%2520-%2520KC%2520-%25207-16.pptx
[PPT] Defensive Theology (DT),https://digitalcommons.pepperdine.edu/context/scursas/article/1286/type/native/viewcontent
[PPT] Reasons for Care Conference - ResearchGate,https://www.researchgate.net/profile/Jack-Conrad/publication/316674488_Care_Conferences_-_A_Research_Project/links/590b890da6fdcc5d421ed55a/Care-Conferences-A-Research-Project
