[PPT] Comparing % CD4 on BD FACSLyric vs. FACSCount Systems,https://programme.aids2020.org/PAGMaterial/PPT/3188_2360/yz%252006222020%2520IAS%2520CD4%2520Study%2520Poster_25JUN2020.pptx
[PPT] Appunti per ostetriche e non solo,https://collegioostetrichemantova.jimdo.com/app/download/12631500699/Gli%2Bscreening%2Bprenatali.pptx%3Ft%3D1602054994
[PPT] NEW: EDM search in time development of spin in a storage ring,http://collaborations.fz-juelich.de/ikp/jedi/public_files/usual_event/srEDM_search_rathmann_gatchina.pptx
[PPT] Inf lez 2 Diagnosi Prenatale.ppt - Docenti.unina.it,https://www.docenti.unina.it/webdocenti-be/allegati/materiale-didattico/541066
[PPT] DANNO ENDO ED ESO FAMILIARE INQUADRAMENTO STORICO,https://moodle2.units.it/mod/resource/view.php%3Fid%3D138439%26redirect%3D1
[PPT] HROMATOGRAFIJA,https://www.chem.bg.ac.rs/~dusankam/AH-1_14_15/HROMATOGRAFIJA.pptx
"[PPT] Linearni model verovatnoće, LMV - Ekonometrija",http://ekonometrija.ekof.bg.ac.rs/predavanja/2018/Ekonometrija_osnovne%25207a_2018.pptx
