[PPT] Unit Eight - Belle Vernon Area School District,https://www.bellevernonarea.net/cms/lib/PA01001262/Centricity/Domain/249/Unit%2520Eight%2520Grade%2520Eight.pptx
[PPT] Unit 8: Aquatic Robotics – Technical Essay,https://www.wtps.org/cms/lib/NJ01912980/Centricity/Domain/1182/Unit%25208%2520PP.pptx
[PPT] Literary Translation and Creative (Re)Writing in the Twenty-first ...,https://warwick.ac.uk/fac/arts/english/currentstudents/pg/masters/modules/translationstud/en964_intro_oct_2011.pptx
[PPT] Slide 1 - Better Tuition,http://bettertuition.co.uk/wp-content/uploads/2021/08/presentation-4a.pptx
[PPT] Vision statement - Upton Hall School,https://www.uptonhallschool.co.uk/_site/data/files/prayers/F9FF64289E72DE859B79D77AA2F6EE84.pptx
[PPT] PowerPoint bemutató - Department of English Linguistics & Literature,http://angol.uni-miskolc.hu/wp-content/media/2018/10/Romeo-and-Juliet.pptx
