"[XLS] Question 1 A B C 1 Post-Test LEAP Library, Fall 2017 2 In a ...",https://utah.instructure.com/courses/503136/files/78093134/download%3Fverifier%3DZfdBzaF9EYhWW0pFemSAUNfwAvDz4bbkvLOWAlNx%26wrap%3D1
[XLS] aoem-31-e29-i007,https://aoemj.org/ViewImage.php%3FType%3DTX%26aid%3D698865%26id%3DT7%26afn%3D2022_AOEM_31_1_e29%26fn%3Daoem-31-e29-i007_2022AOEM
[XLS] aoem-31-e29-i004 A B C D E F G H I J 1 Table 4. Correlation ...,https://aoemj.org/ViewImage.php%3FType%3DTX%26aid%3D698865%26id%3DT4%26afn%3D2022_AOEM_31_1_e29%26fn%3Daoem-31-e29-i004_2022AOEM
[XLS] jkms-36-e325-i001 A B C 1 Table 1. Demographic and ...,https://jkms.org/ViewImage.php%3FType%3DTX%26aid%3D721812%26id%3DT1%26afn%3D63_JKMS_36_47_e325%26fn%3Djkms-36-e325-i001_0063JKMS
[XLS] Sheet1,https://www.xavier.edu/wellbeing/documents/wellbeing-activity---excel-version.xlsx
[XLS] New traits,https://www.cell.com/cms/10.1016/j.isci.2020.101429/attachment/b605cff5-ae29-40e0-a495-e863fd66714c/mmc3.xlsx
[XLS] Sheet1,"https://cdn.loc.gov/copyright/licensing/noi/files/Google,%2520Inc.-2017.08.07-NOI.2.xlsx"
[XLS] Sheet1 A B C D 1 Faculty Mentor College Department Title 2 Bell ...,https://www.uwec.edu/files/3443/REVISED2015-URCA-2-1.xlsx
[XLS] Fieldwork - National Grid ESO,https://www.nationalgrideso.com/document/215906/download
[XLS] Sheet1 - Paul Hammant's blog,https://paulhammant.com/files/Cynical_Bonus_Calculator.xlsx
[XLS] Robert Bryce Publications 2014 - 2016 - DeSmog,https://www.desmog.com/wp-content/uploads/2022/02/Robert-Bryce-Publications.xlsx
[XLS] RawData - City and County of Denver,https://www.denvergov.org/content/dam/denvergov/Portals/646/documents/engagement/survey-data-sets/Comprehensive_Plan_Community_Feedback_Survey_08-18.xlsx
[XLS] sfxschdtx_3925008 - Registrar's Office - University of Richmond,https://registrar.richmond.edu/common/PDF/6_5%2520Previous%2520Class%2520Schedules/Archive_201810.xlsx
[XLS] we-20-11-2020-t02.xlsx,https://we.copernicus.org/articles/20/11/2020/we-20-11-2020-t02.xlsx
[XLS] Search Results,https://libcat.arlingtonva.us/Search/Results%3Flookfor%3D%2522Consumer%2Bbehavior.%2522%26searchIndex%3DSubject%26filter%5B%5D%3Dlocal_time_since_added_arlington%253A%2522Quarter%2522%26sort%3Dyear%2Basc%252Ctitle%2Basc%26view%3Dexcel%26searchSource%3Dlocal
[XLS] Search Results,https://libcat.arlingtonva.us/Search/Results%3Flookfor%3D%2522Consumer%2Bbehavior.%2522%26searchIndex%3DSubject%26filter%5B%5D%3Dlocal_time_since_added_arlington%253A%2522Quarter%2522%26sort%3Dyear%2Bdesc%252Ctitle%2Basc%26view%3Dexcel%26searchSource%3Dlocal
[XLS] 2021 Digital Library - Business Expert Press,https://www.businessexpertpress.com/wp-content/uploads/2021/08/2021-Digital-Library.xlsx
[XLS] Leadership Circle Profile,https://2y3l3p10hb5c1lkzte2wv2ks-wpengine.netdna-ssl.com/wp-content/uploads/2020/12/Arabic-LCP-Questions.xlsx
[XLS] BusinessCore - Apr 2020 - ebsco,http://www.ebsco.com/sites/g/files/nabnos191/files/acquiadam-assets/EBSCO-eBooks-BusinessCore-Collection-Title-List_0.xlsx
[XLS] Faculty QEP Survey Open Ended C - Florida Atlantic University,https://www.fau.edu/provost/QEP/QEP%2520Faculty%2520Survey%2520Comments%25202020.xlsx
[XLS] 2019-2020 sga club advisors - The University of Vermont,https://www.uvm.edu/sites/default/files/UVM-Student-Government-Association/Files/AdvisorList.xlsx
[XLS] Inventory - Ursinus College,https://www.ursinus.edu/live/files/452-inventory-of-folklife-society-materials-located-in
[XLS] Politics A B C D E F G 1 Program Proposal Proposal Title ...,https://www.appam.org/assets/1/7/Politics2.xlsx
[XLS] Build Your Own TA Evaluation Form - School of Kinesiology and ...,https://skhs.queensu.ca/wp-content/uploads/2020/06/TA-Evaluation-Template.xlsx
[XLS] Questions - PLOS,https://journals.plos.org/plosone/article/file%3Ftype%3Dsupplementary%26id%3Dinfo:doi/10.1371/journal.pone.0231929.s005
[XLS] Breastfeeding Resources - Washington State Department of Health,https://doh.wa.gov/sites/default/files/2022-02/961-1129-BreastfeedingResources.xlsx
[XLS] Change Management - National Network of Public Health Institutes,https://nnphi.org/wp-content/uploads/2021/10/NNPHI-FINAL-Resource-Guide.xlsx
[XLS] Book_Table - e-Publications@Marquette,https://epublications.marquette.edu/context/aureliaplath/article/1002/type/native/viewcontent
"[XLS] Land File - San Juan County, Colorado",https://sanjuancounty.colorado.gov/sites/sanjuancounty/files/Land_2020_SanJuanCountyColorado.xlsx
[XLS] User guide - RCP London,https://www.rcplondon.ac.uk/file/16796/download
[XLS] Sheet1 - AchieveMission,http://www.achievemission.org/wp-content/uploads/2021/03/Recognition-Rewards-and-Retention-Roadmap-Example-A.xlsx
[XLS] LanguageTranslationFull - Hogan Assessments,https://www.hoganassessments.com/wp-content/uploads/2016/10/EcHPIHDSMVPIFR_sk_Text_20180611_0410.xlsx
[XLS] MUSE Book Titles 2022-05-04,https://about.muse.jhu.edu/static/org/local/holdings/muse_book_metadata.xlsx
[XLS] envision-uc-davis-data-export,https://www.ucdavis.edu/sites/default/files/upload/files/envision-uc-davis-data-export.xlsx
[XLS] Sheet1,http://people.tamu.edu/~louhodges/RPTS-209/assignments/13-ethics/Vice%2520list.xlsx
