File:en-us-laid.ogg - Simple English Wiktionary,https://simple.wiktionary.org/wiki/File:en-us-laid.ogg
File:en-us-laid.ogg - Wiktionary,https://en.m.wiktionary.org/wiki/File:en-us-laid.ogg
File:Fr-laid.ogg - Wikimedia Commons,https://commons.wikimedia.org/wiki/File:Fr-laid.ogg
File:En-us-laid.ogg - Wikimedia Commons,https://commons.wikimedia.org/wiki/File:En-us-laid.ogg
File talk:Laid Back- White Horse.ogg - Wikipedia,https://en.wikipedia.org/wiki/File_talk:Laid_Back-_White_Horse.ogg
Karla's Lullaby | We Bare Bears Wiki - Fandom,http://webarebears.wikia.com/wiki/File:Karla%2527s_Lullaby.ogg
"File:Jabberwocky-UK.ogg - Wikisource, the free online library",https://en.m.wikisource.org/wiki/File:Jabberwocky-UK.ogg
Dosya:Lamb of God Laid to Rest.ogg - Wikipediam.org,https://tr.wikipediam.org/wiki/Dosya:Lamb_of_God_Laid_to_Rest.ogg
File:Truman on Hiroshima.oga - Wikimedia Commons,https://en.wikiquote.org/wiki/File:Trumann_hiroshima.ogg
Mainz | Military Wiki | Fandom,https://military.wikia.org/wiki/File:De-Mainz.ogg
Berkas:Truman on Hiroshima.oga - Wikipedia,https://wikiless.org/wiki/Berkas:Trumann_hiroshima.ogg%3Flang%3Did
Bestand:Chuck Berry intro.ogg - Wikibooks,https://nl.wikibooks.org/wiki/Bestand:Chuck_Berry_intro.ogg
