[PPT] Managing the Environmental Impacts of Aircraft and Airfield ...,https://crp.trb.org/acrpwebresource3/wp-content/uploads/sites/6/2017/01/C4-Deicing-Final-0117.pptx
[PPT] Deicer material management policy,https://trust.dot.state.wi.us/ftp/dtsd/bhm/Plowing/Deicer%2520agent%2520management%2520policy.pptx
[PPT] MORTON ICE MELT '11-'12 Season TRAINING,http://www.mtukrc.org/download/Deicer_Usage_Guidelines.ppsx
[PPT] Aircraft Icing CAP-USAF - Civil Air Patrol,https://www.gocivilairpatrol.com/media/cms/CAPUSAF_Aircraft_Icing_57B37F7CBBF36.pptx
[PPT] Aircraft Icing,http://bob-cfi.weebly.com/uploads/7/6/9/3/7693240/icing.pptx
[PPT] Slide 1 - Bassett Creek Watershed Management Commission,https://www.bassettcreekwmo.org/download_file/view/3034/422
[PPT] 2018 Wildfire and Forest Health Update,https://new.azwater.gov/sites/default/files/media/Richardson.pptx
[PPT] Sustainable Purchasing with Biobased Products The USDA ...,https://smartpay.gsa.gov/sites/default/files/GSA012%2520-%2520Sustainable%2520Purchasing%2520with%2520Biobased%2520Products%2520-%2520Ron%2520Buckhalt_CLP_LM%252003.29.22_FINAL%2520050222.pptx
[PPT] Purchasing Biobased Products Federal - What is GSA SmartPay?,https://smartpay.gsa.gov/sites/default/files/GSA023%2520-%2520Sustainable%2520Purchasing%2520with%2520Biobased%2520Products%2520-%2520Ron%2520Buckhalt508-3-19-21%2520-%2520022221%2520-%2520FINAL%2520041221.pptx
[PPT] The Colligative properties of molality and freezing point depression,https://grownextgen.org/download/curriculum/oh-soy-good/molality-and-freezing-point-depression/molality-and-freezing-point-depression.pptx
[PPT] Equipment Specialist Support,https://business.utah.gov/wp-content/uploads/2021/12/civil-engineer-group.pptx
[PPT] Paraffin Ratio / Wax Distribution in Diesel Fuels - Bell Performance,https://www.bellperformance.com/hs-fs/hub/68152/file-2483421730-pptx/Bell_Performs/Training_Bellperforms/Cold_Flow_Improvers_58_MEDIUM.pptx
[PPT] ORIL Projects - Ohio Department of Transportation,https://www.dot.state.oh.us/groups/oril/Documents/Butcher_Fout_78_OTEC2015.pptx
[PPT] Training for Purchase Card Users and Approving Officials,https://www.energy.gov/sites/prod/files/2015/12/f27/Sustainable%2520Acquisition%2520Training%2520for%2520Purchase%2520Cardholders%2520and%2520Approving.pptx
"[PPT] Rain is natural, but stormwater is manmade. - Amazon S3",https://s3.amazonaws.com/delawareestuary/pdf/blue-guide.pptx
[PPT] Traffic Control Devices & The MUTCD Erosion Control Snow Plan ...,https://dot.nebraska.gov/media/7803/misc-topics.pptx
[PPT] PBN Approval and Training - ICAO,https://www.icao.int/apac/meetings/2015pbn/3-4%2520pbn%2520approval%2520and%2520training%2520-%2520australia.pptx
"[PPT] Nutrient Variations of Six Surface Water Bodies in McHenry County, IL",https://digitalcommons.augustana.edu/cgi/viewcontent.cgi%3Ffilename%3D1%26article%3D1197%26context%3Dcelebrationoflearning%26type%3Dadditional
[PPT] Agriculture The Andersons and ADM,https://www.sfu.ca/~poitras/419_Agriculture_15-2.pptx
[PPT] Title Slide,"http://www2.cement.org/PW2016/Design_and_Control_PPTs/PCA%2520chapter%252015%2520-%2520Specify,%2520Design,%2520Proportion.pptx"
[PPT] Ethylene Glycol Anti-freeze - Comolube,http://www.comolube.com/wp-content/uploads/2017/01/FYI-Antifreeze-Training.pptx
[PPT] Londonderry Township Annual Public Stormwater Program Update,https://img1.wsimg.com/blobby/go/5c5e576d-cf06-41d3-bdc0-8c7b1b5acf36/downloads/Londonderry%2520Twp.%2520Public%2520Program%2520Update%25202019-2.pptx%3Fver%3D1594221829374
[PPT] Grade 5 - Forces Acting on Structures and Mechanisms - Closte,https://cdn-5cb4e3b3f911cf0dc86f377b.closte.com/wp-content/uploads/2019/11/Grade-5-Forces-and-Structures.pptx
[PPT] Презентация PowerPoint - Запорізький національний університет,https://moodle.znu.edu.ua/mod/resource/view.php%3Fid%3D322383
