[DOC] department of health and human services - National Cancer Institute,https://www.cancer.gov/about-nci/overview/contributing-0
[DOC] 2021 Walk to End Alzheimer's - NARFE,https://www.narfe.org/site/chapter112/%3Ffa%3Dfile%26id%3D27730
[DOC] Stamp Collecting - US Scouting Service Project,http://usscouts.org/mb/worksheets/Stamp-Collecting.docx
[DOC] www.alzresourceindiana.org/s/Alzheimers-Newsletter...,http://www.alzresourceindiana.org/s/Alzheimers-Newsletter-December-2017.docx
[DOC] Bulletin-191215-HTML-Edition.docx - Veterans Resources,http://www.veteransresources.org/wp-content/uploads/2019/12/Bulletin-191215-HTML-Edition.docx
[DOC] 1840-1940 - Greater Eugene Stamp Society,https://greatereugenestampclub.weebly.com/uploads/3/4/3/0/3430284/big_blue_checklist.docx
[DOC] the limaye inventory spreadsheet for - Greater Eugene Stamp Society,https://greatereugenestampclub.weebly.com/uploads/3/4/3/0/3430284/user_guide_rev_072317-jkjrevised.docx
"[DOC] mahoning valley stamp club, youngstown, ohio - Alphabetilately",https://alphabetilately.org/philexpo/PICKLO.DOCX
[DOC] english.docx,https://eksith.files.wordpress.com/2012/02/english.docx
