KRC-MAGD.AVI - www.pragmaticslotlar.com,https://www.pragmaticslotlar.com/video9735934/krc-magd.avi%3Fpl%3D9387607%26plname%3Dfamily
