[XLS] exact name of registrant a - Investor Relations | Aramark,https://aramark.gcs-web.com/static-files/7744d93d-7180-4119-b8e5-8839eb42f5d3
[XLS] YTLE(67.1) A B C D E F G H 1 Lname Fname Date Hours Wage 1 ...,https://people.highline.edu/mgirvin/YouTubeExcelIsFun/YouTubersLoveExcel67-71Finished.xls
[XLS] https://mec.mo.gov/mec/Lobbying/ActiveLobbyists.aspx,https://mec.mo.gov/mec/Lobbying/ActiveLobbyists.aspx
[XLS] Sheet1 A B C D E F G 1 1 Kolton Sheldon SO Lee's Summit North (1 ...,https://www2.sluh.org/sluhxc/team_only/results/2010/Top_returners_2010.xls
[XLS] Sheet1,http://www.skibumz.net/2010_AuctionResults.xls
[XLS] Title Title A B C 1 2 3 4 5 Metal Finishing Facility 6 Pollution ...,https://p2infohouse.org/ref/17/16261.xls
[XLS] Official BPFL Game Sheet Beer Division vs Pizza Division A B C D E ...,https://bpfl.org/05season/05probowl.xls
[XLS] Official BPFL Game Sheet Martingrove at Adamsburgh A B C D E F ...,https://bpfl.org/05season/05round1.xls
[XLS] Houston Texans A B C D E F G H I J K L M N O P Q R S T U V W X Y ...,https://maddenratings.weebly.com/uploads/1/4/0/9/14097292/houston_texans_madden_nfl_11.xls
[XLS] Sheet1 A B C D E F G H I J K L M N O P Q R S T U 1 http ...,https://www.madden-school.com/wp-content/uploads/2009/06/arizona-cardinals.xls
[XLS] Sheet1 A B C D E F G H I J K L 1 Lovetts Victims Mashers Dickheads ...,http://www3.sympatico.ca/idick/SBFFL/sbffl2010/sbffldraft10.xls
"[XLS] Sheet 1 - Montpelier, VT",https://www.montpelier-vt.org/Archive.aspx%3FADID%3D4424
[XLS] https://www.edockets.state.mn.us/EFiling/edockets/...,https://www.edockets.state.mn.us/EFiling/edockets/searchDocuments.do%3F6578706f7274%3D1%26method%3DeDocketsResult%26userType%3Dpublic%26d-8032343-e%3D2%26keywords%3Dbec%26docketNumber%3D%26onBehalfOf%3D%26sortById%3D%26d-8032343-o%3D1%26submissionNumber%3D%26d-8032343-p%3D1%26documentType%3D%26documentId%3D%26resultsPerPage%3D%26d-8032343-s%3D3%26docketType%3D%26docketYear%3D
[XLS] https://www.edockets.state.mn.us/EFiling/edockets/...,https://www.edockets.state.mn.us/EFiling/edockets/searchDocuments.do%3F6578706f7274%3D1%26method%3DeDocketsResult%26userType%3Dpublic%26d-8032343-e%3D2%26keywords%3Dbni%26docketNumber%3D%26onBehalfOf%3D%26sortById%3D%26d-8032343-o%3D2%26submissionNumber%3D%26d-8032343-p%3D1%26documentType%3D%26documentId%3D%26resultsPerPage%3D%26d-8032343-s%3D3%26docketType%3D%26docketYear%3D
"[XLS] Table_Of_Contents A B 1 Created by EDGAR Online, Inc. 2 3 ...",https://d18rn0p25nwr6d.cloudfront.net/CIK-0001052100/ef46cafb-4194-4c54-b417-ce11c6a6750a.xls
[XLS] springClasses - José M. Vidal,http://jmvidal.cse.sc.edu/webapps/spring07/PS2/springClasses.xls
[XLS] Sheet1 - GALA Choruses,http://galachoruses.org/documents/events/festival2012/FinalDelegateList.xls
[XLS] Sheet1 - WikiLeaks,https://wikileaks.org/gifiles/attach/154/154054_Hedge%2520Fund%2520email%2520list.xls
[XLS] export-3 - Alliance of Information and Referral Systems,http://www.airs.org/files/public/AIRS_Certification_CIRSAHolders_March2011.xls
"[XLS] ""Document ID"" ""Class"" ""Docket #"" ""Docket Type"" ""On Behalf Of ...",https://efiling.web.commerce.state.mn.us/edockets/searchDocuments.do%3Fd-8032343-o%3D2%26d-8032343-p%3D1%26method%3DeDocketsResult%26userType%3Dpublic%266578706f7274%3D1%26d-8032343-e%3D2%26docketNumber%3D664%26docketYear%3D16%26d-8032343-s%3D3
