"Full text of ""Various essays, resources, and guides on tulpas and ...",https://archive.org/stream/tulpamancy/Tulpas_%2520Creation%252C%2520Sentience%252C%2520and%2520Vocality%2520%2528Guide%2529_djvu.txt
How To Lose Your Voice Well,http://pmc.iath.virginia.edu/text-only/issue.107/17.2botha.txt
0506737.txt - Veterans Affairs,http://www.va.gov/vetapp05/files1/0506737.txt
Applied-Cryptography-Project1/plaintext_dictionary_2.txt at master,https://github.com/abid-siam/Applied-Cryptography-Project1/blob/master/plaintext_dictionary_2.txt
https://www.ietf.org/archive/id/draft-mltf-jfcm-cc...,https://www.ietf.org/archive/id/draft-mltf-jfcm-cctags-00.txt
Untitled,https://stacks.cdc.gov/view/cdc/3661/cdc_3661_DS29.txt
https://scholarworks.iu.edu/dspace/bitstream/2022/...,https://scholarworks.iu.edu/dspace/bitstream/2022/3592/66/008_Chapter_1.pdf.txt
www.seattlescrabble.org/data/ThemeLists/singing.txt,http://www.seattlescrabble.org/data/ThemeLists/singing.txt
19923.txt - Project Gutenberg,https://www.gutenberg.org/files/19923/19923.txt
33175-0.txt - Project Gutenberg,https://www.gutenberg.org/files/33175/33175-0.txt
