File:en-us-hollyhock.ogg - Wiktionary,https://en.m.wiktionary.org/wiki/File:en-us-hollyhock.ogg
File:En-us-hollyhock.ogg - Wikimedia Commons,https://commons.wikimedia.org/wiki/File:En-us-hollyhock.ogg
