[DOC] Significance of ghee in Tarpana - ResearchGate,https://www.researchgate.net/profile/Nadeesha_Abegunasekara/publication/344476775_Significance_of_Ghee_In_Tarpana/links/5fb3c780a6fdcc9ae05b68f4/Significance-of-Ghee-In-Tarpana
[DOC] Mother Maya Brief Bio - Maya Tiwari,"https://mayatiwari.com/press/Testimonials,%2520Book%2520Endorsements%2520%26%2520Conference%2520List/Book%2520Endorsements%25202010_sa.doc"
[DOC] Robust Indian Healthcare Reforming towards UHC Position Document,https://sah-hospitals.com/sah/Robust%2520Indian%2520Healthcare%2520Reforming%2520leading%2520to%2520UHC%25202.doc
[DOC] the metaphysics of the upanishads. vichar sagar - Sanjeev Sabhlok,https://www.sanjeev.sabhlokcity.com/Misc/sabhlok-vichar-sagar.doc
[DOC] Escrito informativo para ayuntamientos,https://www.micelio.es/wp-content/uploads/2020/08/Escrito-informativo-para-ayuntamientos.doc
[DOC] Osho - Formarse,https://www.formarse.com.ar/libros/libros-Osho/OshoLaPasinporloImposible.doc
