The Cathedral of the sea's chamades - ProQuest,https://search.proquest.com/openview/5cd1899b6ef784b8f911a042fdc43226/1.pdf%3Fpq-origsite%3Dgscholar%26cbl%3D4819096
[PDF] The Great Organ of the Cathedral of Monaco - The Diapason,https://www.thediapason.com/sites/thediapason/files/webDiap0612p20-211_0.pdf
[PDF] Sounds So Good - Rodgers organ,http://www.rodgersinstruments.com/uploads/products/pdfs/376.pdf
[PDF] Basic Organ Registration and Hymn Playing - KYACDA,http://www.kyacda.org/uploads/1/0/6/3/10633161/basic_organ_and_hymn_registration.pdf
Church and Organ Music - Daniel Roth and the St Sulpice tradition,https://www.jstor.org/stable/1193542
[PDF] American Institute of Organbuilders,https://www.pipeorgan.org/wp-content/uploads/2015/09/2014AIOConventionbrochureweb.pdf
[PDF] pierre cochereau: a legacy of improvisation at notre dame de paris,https://kuscholarworks.ku.edu/bitstream/handle/1808/29322/Gender_ku_0099D_16605_DATA_1.pdf%3Fsequence%3D1%26isAllowed%3Dy
[PDF] he ORGANS and the CARILLON - OF THE CRYSTAL CATHEDRAL,https://static1.squarespace.com/static/55bec454e4b06d75e8f2a41a/t/5b8d852ff950b79a4feb2e55/1536001345583/The%2BOrgans%2Bof%2Bthe%2BCryst
[PDF] The Properties and Organs of le baron Albert de l'Espée.,https://www.organsparisaz4.vhhil.nl/index_htm_files/The%2520Properties%2520and%2520Organs%2520of%2520le%2520baron%2520Albert%2520de%2520lEspee.pdf
[PDF] Rodgers-Infinity-brochure-2017.pdf - Pipe Organ,https://www.centralmusic.biz/wp-content/uploads/2019/02/Rodgers-Infinity-brochure-2017.pdf
