[XLS] Course Schedule A B C D 1 COMPARATIVE LITERATURE ...,https://complit.fas.harvard.edu/files/complit/files/comparative_literature_courses_fall_2018.xlsx
"[XLS] Sheet1 A B 1 Scoring Dimension Uncalibrated AMSA value, median ...",https://journals.plos.org/plosmedicine/article/file%3Ftype%3Dsupplementary%26id%3Dinfo:doi/10.1371/journal.pmed.1001743.s002
"[XLS] Overview A B C D E F G H 1 2 3 4 5 6 7 To edit this file, you must first ...",https://jennienash.com/s/Industry-Players-Sample-Grid.xlsx
[XLS] Marketing Checklist A B 1 Marketing and PR Checklist 2 3 1 ...,https://selfpublishingadviceconference.com/wp-content/uploads/2019/03/Amy-Collins-Marketing-Checklist-and-Resources.xlsx
[XLS] Form Responses,https://www.gliba.org/uploads/4/4/8/3/44830325/07-03-2020_publisher_promotion_program.xlsx
[XLS] Search Results - McKinney Public Libraries,https://ipac.mckinneytexas.org/Search/Results%3Flookfor%3DBrixton%2B%2B%2Bbrothers%26searchIndex%3DSeries%26sort%3Drelevance%26view%3Dexcel%26searchSource%3Dlocal
[XLS] Search Results - JCLS catalog,https://catalog.jcls.org/Search/Results%3Flookfor%3DGraphic%2Btales%2Bof%2Bthe%2Bsupernatural%26searchIndex%3DKeyword%26sort%3Drelevance%26view%3Dexcel%26searchSource%3Dlocal
[XLS] Princeton Fall 2021 - The University Press Group,https://upguk.com/princetonfall2021/
[XLS] Sheet1,https://rac.org/sites/default/files/Sample%2520voter%2520contact%2520spreadsheet.xlsx
[XLS] Results,https://184.library.nashville.org/Search/Results%3Flookfor%3D%2522Authors%2BFiction.%2522%26searchIndex%3DSubject%26filter%5B%5D%3Dformat_category_16184%253A%2522Audio%2BBooks%2522%26filter%5B%5D%3Dformat_category_16184%253A%2522eBook%2522%26sort%3Drelevance%26view%3Dexcel%26searchSource%3Dlocal
[XLS] All NIH Procurements Q3 2018,https://www.nih.gov/sites/default/files/institutes/foia/All-NIH-Procurements-Q3-01811-21.xlsx
[XLS] Sheet1 - Cape Coral,http://www.capecoral.net/edo/docs/NewBusinessReports/New_in_Business_Report_2014_10.xlsx
[XLS] Results,https://csd.swanlibraries.net/Search/Results%3Flookfor%3D%2522International%2Brelations%2BFiction.%2522%26searchIndex%3DSubject%26filter%5B%5D%3Dformat_category_CSD%253A%2522Audio%2BBooks%2522%26sort%3Drelevance%26view%3Dexcel%26searchSource%3Dlocal
[XLS] How to Use This Blog Editorial Calendar Template - HubSpot,http://cdn2.hubspot.net/hub/53/file-416285505-xlsx/Inbound_Campaign_/Blog-Editorial-Calendar-Template_CAMPAIGN_CAMPAIGN_TEMPLATE.xlsx
[XLS] Results - New Haven Community Library,https://www.nhcl.org/Search/Results%3Flookfor%3DEddings%252C%2BDavid%26searchIndex%3DKeyword%26filter%5B%5D%3DauthorStr%253A%2522Mitchell%252C%2BDavid%2B%2528David%2BStephen%2529%2522%26sort%3Drelevance%26view%3Dexcel%26searchSource%3Dlocal
[XLS] Voorbeeld Sellogram - Vlinderss,https://www.vlinderss.nl/wp-content/uploads/2021/04/Sellogram.xlsx
[XLS] BusinessManagement,https://kutuphane.ksu.edu.tr/Belgeler/DL/springer_2017_ebook.xlsx
[XLS] Sheet1 - Yale Class of 1950,https://www.yale1950.org/s/1667/images/gid21/editor_documents/authors2015.xlsx
"[XLS] Sheet1 A B C D 1 SUNDAY 2 3:00 ""MAXIMIZE YOUR ...",https://www.blueridgeconference.com/wp-content/uploads/2018/05/BRMCWC-2018-Schedule-6.0.xlsx
[XLS] Results - Richland Hills Public Library,https://librarycatalog.richlandhills.com/Search/Results%3Flookfor%3D%2522Horror%2BJUVENILE%2BFICTION%2522%26searchIndex%3DSubject%26filter%5B%5D%3Dseries_facet%253A%2522Ghostwriter%2522%26sort%3Drelevance%26view%3Dexcel%26searchSource%3Dlocal
[XLS] October 2018 - OCUFA,https://ocufa.on.ca/assets/Toronto-Black-hosts_moderators_speakers-list-.xlsx
[XLS] Sheet1 A B C D E F G H I J K L M N 1 Linked in profile COMPANY ...,https://www.amino.dk/cfs-filesystemfile.ashx/__key/CommunityServer.Discussions.Components.Files/16257/2273.Sample-DK_2C00_-incl-full-address.xlsx
[XLS] Results - Wasatch County Library,https://www.wasatchlibrary.org/Search/Results%3Flookfor%3D%2522Crime.%2522%26searchIndex%3DSubject%26sort%3Dauthor%2Basc%252Ctitle%2Basc%26view%3Dexcel%26searchSource%3Dlocal
[XLS] Sales Analysis - paginated,https://abc.utah.gov/wp-content/uploads/Vendor/SalesAnalysis/Sales_Analysis_FY22_P1.xlsx
[XLS] Sheet1 - Richard Zorza's Access to Justice Blog,https://richardzorza.files.wordpress.com/2016/09/recomendations-comparison-of-3.xlsx
