or less witlessly - JStor,https://www.jstor.org/stable/4521705
[PDF] anti-racism - Harvard-Westlake School,https://www.hw.com/pdf/Anti-RacismatHarvard-Westlake.pdf
"[PDF] The Kitchen: three caged birds go wildly, witlessly free",https://www.newsofbahrain.com/epaper/10-08-2019/single/page-09.pdf
"[PDF] Dear Senate Education Committee members, I am writing to express ...",https://olis.oregonlegislature.gov/liz/2019R1/Downloads/CommitteeMeetingDocument/180484
Timeless Traces of Temporal Patterns - Oxford Academic,https://academic.oup.com/jaac/article-pdf/74/4/335/34530020/jaac_v74_4_335.pdf
[PDF] Manx BirdLife,http://manxbirdlife.im/wp-content/uploads/formidable/6/benefit-requirements-for-part-time-employees.pdf
[PDF] Old Testament Wedding Customs - Meridian Bank Careers,https://careers.meridianbanker.com/wp-content/uploads/formidable/2/old-testament-wedding-customs.pdf
"The Sirens Have Stopped Singing, and: Bad Form, and: Hurricane ...",https://muse.jhu.edu/article/765616/pdf
"Grace Notes: The ""Et Incarnatus Est""",https://www.journals.uchicago.edu/doi/pdf/10.1086/486448
[PDF] November - DigitalCommons@COD,https://dc.cod.edu/cgi/viewcontent.cgi%3Farticle%3D4409%26context%3Dplr
[PDF] Thrown Out Harriet Levin,https://pubs.lib.uiowa.edu/iowareview/article/id/21314/download/pdf/
[PDF] Forwarded Notice Of Claimed Copyright Infringement | AACT Arizona,https://aactarizona.com/wp-content/uploads/formidable/7/forwarded-notice-of-claimed-copyright-infringement.pdf
[PDF] Does University Of Ottawa Require Sat,https://sccity.org/wp-content/uploads/formidable/32/does-university-of-ottawa-require-sat.pdf
[PDF] We Offer Web Development Services,https://builtbyccg.com/wp-content/uploads/formidable/51/we-offer-web-development-services.pdf
[PDF] Symphony On The Prairie Tables - Great Start to Quality,https://greatstarttoquality.org/wp-content/uploads/formidable/16/symphony-on-the-prairie-tables.pdf
[PDF] Direct Train From Amsterdam Airport To Maastricht | Advastar,https://advastargroup.com/wp-content/uploads/formidable/9/direct-train-from-amsterdam-airport-to-maastricht.pdf
[PDF] Angie Stone Different Direction,https://utc.org/wp-content/uploads/formidable/10/angie-stone-different-direction.pdf
[PDF] Sample Of Personal Statement For Court,https://www.tad.org/wp-content/uploads/formidable/39/sample-of-personal-statement-for-court.pdf
[PDF] Norwich Union Linked Life Assurance Ltd - McCracken County PVA,https://www.mccrackenpva.com/wp-content/uploads/formidable/13/norwich-union-linked-life-assurance-ltd.pdf
[PDF] Lesson Plan Evaluation And Reflection | ACE Scholarships,https://www.acescholarships.org/wp-content/uploads/formidable/31/lesson-plan-evaluation-and-reflection.pdf
