File:en-us-sales.ogg - Simple English Wiktionary,https://simple.wiktionary.org/wiki/File:en-us-sales.ogg
File:En-us-sales.ogg - Wikimedia Commons,https://commons.wikimedia.org/wiki/File:En-us-sales.ogg
File:Poems of Forough Farrokhzad (1977) - 03 Ghazal Of Akhavan ...,https://commons.m.wikimedia.org/wiki/File:Poems_of_Forough_Farrokhzad_(1977)_-_03_Ghazal_Of_Akhavan-Sales.ogg
"Fitxer:Yasmina Drissi Sales - ca.ogg - Viquipèdia, l'enciclopèdia lliure",https://ca.wikipedia.org/wiki/Fitxer:Yasmina_Drissi_Sales_-_ca.ogg
File talk:Shakira Sale el Sol 2010 sound sample.ogg - Wikipedia,https://en.wikipedia.org/wiki/File_talk:Shakira_Sale_el_Sol_2010_sound_sample.ogg
Harrowing (Event) | League of Legends Wiki - Fandom,http://leagueoflegends.wikia.com/wiki/File:Harrowing2015_LoginTheme.ogg
Spencer Ogg | Facebook,https://m.facebook.com/spencer.ogg%3Fref%3Dpy_c%26locale%3Dpt_BR%26_rdr
"File:Sale v Maffra - post game.ogg - Wikinews, the free news source",https://en.wikinews.org/wiki/File:Sale_v_Maffra_-_post_game.ogg
Download OMLX from SourceForge.net,http://downloads.sourceforge.net/omlx/itwadi_Dialogs_Menu.ogg%3Fuse_mirror%3Dpuzzle
Fișier:Romania National Anthem - Desteapta-te Romane.ogg,https://ro.m.wikisource.org/wiki/Fi%25C8%2599ier:Romania_National_Anthem_-_Desteapta-te_Romane.ogg
Retro Vintage Icon Pack for Android - Download | Cafe Bazaar,https://cafebazaar.ir/app/com.Retro.Vintage.Icon.Pack.OGG%3Fl%3Den
فائل:National Anthem of Ghana.ogg - آزاد دائرۃ المعارف - Wikipedia,https://wikiless.org:8088/wiki/%25D9%2581%25D8%25A7%25D8%25A6%25D9%2584:National_Anthem_of_Ghana.ogg%3Flang%3Dur
Flac Cue Splitter APK for Android Download,https://apkpure.com/flac-cue-splitter/com.ex.ogg%3Fhl%3Den
Fișier:Donau.ogg - Wikipedia,https://ro.wikidark.org/wiki/Fi%25C8%2599ier:Donau.ogg
Dosya:National Anthem of Ghana.ogg - Wikipediam.org,https://tr.wikipediam.org/wiki/Dosya:National_Anthem_of_Ghana.ogg
