Building Real-Time Sentiment Pipeline for Live Tweets ...,https://code.datasciencedojo.com/PabloRR10/tutorials/blob/07fb16afe9dcfeed215c1e922d9ae333a75f6ac0/Building%2520Real-Time%2520Sentiment%2520Pipeline%2520for%2520Live%2520Tweets/EventHubDashBoardApp/EventHubReceiver.vshost.exe.manifest
Building Real-Time Sentiment Pipeline for Live Tweets ... - Projects,https://code.datasciencedojo.com/shahidusmanm/tutorials/blob/15a2fbed31c37ccb84d27526fa98fb54b497fd4a/Building%2520Real-Time%2520Sentiment%2520Pipeline%2520for%2520Live%2520Tweets/EventHubDashBoardApp/EventHubReceiver.vshost.exe.manifest
