[DOC] AAABDL+M LAMBADA - Seattle Scrabble Club,http://www.seattlescrabble.org/gr8white/owl2/stem8x.doc
[DOC] LEARNIN G ACTIVIT Y No. 1.3 - DepEd Bohol,http://depedbohol.org/v2/wp-content/uploads/2015/11/Activity-Number-1.3.doc
[DOC] www.geocities.ws/cyqlist/handout.doc,http://www.geocities.ws/cyqlist/handout.doc
[DOC] https://usd.ac.id/fakultas/pendidikan/pbi/f1l3/Ora...,https://usd.ac.id/fakultas/pendidikan/pbi/f1l3/Oral%2520Exam%25202013/PBI%2520Oral%2520Exam%2520Schedule%2520August%25202013%2520no%2520distribution.doc
[DOC] documento - Siicyt,https://www.siicyt.gob.mx/index.php/transparencia/informes-sistema-de-centros-publicos-conacyt/cibnor/cibnor-2015/informe-de-autoevaluacion-cibnor-2015/5-0-informe-en-extenso-cibnor-2015/anexos-del-informe-cibnor-2015/1932-anexo-4-cibnor-2015/file
[DOC] Arvydas Malcys (g,https://malcys.com/media/filer_public/25/0c/250c9f37-745f-4788-8593-ed4e05425471/arvydas_malcys_biografija.doc
[DOC] Colegio de Estudios Científicos y Tecnológicos del Estado de Baja ...,http://web.compranet.gob.mx:8000/HSM/UNICOM/32113/002/2005/012/bx05012003.doc
[DOC] priklausomų nuo alkoholio ir narkotikų asmenų sielovada „pilnų ...,http://talpykla.elaba.lt/elaba-fedora/objects/elaba:1875482/datastreams/ATTACHMENT_1875485/content
[DOC] VYTAUTO DIDŽIOJO UNIVERSITETAS - eLABa talpykla,http://talpykla.elaba.lt/elaba-fedora/objects/elaba:2086188/datastreams/ATTACHMENT_2086191/content
