Download Red Notice 2021 English 720p WEBRip x265 HEVC PSA ...,https://www.upload-4ever.com/7wya9t8vzfx7/Red.Notice.2021.English.720p.WEBRip.x265.HEVC-PSA.mkv
乐福云盘,http://192.210.178.88/wp/ALY/Red.Notice.2021.1080p.NF.WEB-DL.DDP5.1.Atmos.HDR.HEVC-TEPES.mkv%3Fpreview
[Modao Zushi Zenjin Hen][Disc 04][SP09][Blu-ray Disc Box Before ...,http://51.15.7.152/d/8z1l9L2b/%255B2018%255D%255BModao%2520Zushi%2520Zenjin%2520Hen%255D%255BBDRIP%255D%255B1080P%255D%255B1-15Fin%252BSP%255D/%255BModao%2520Zushi%2520Zenjin%2520Hen%255D%255BDisc%252004%255D%255BSP09%255D%255BBlu-ray%2520Disc%2520Box%2520Before%2520Selling%2520Notice%2520CM%252030sec.%255D%255BBDRIP%255D%255B1920x1080%255D%255BH264_FLAC%255D.mkv
Download Sas-Red-Notice-720-[AcademyZooze].mkv File,https://zouzeh.ir/dl/Movies/2021/Sas-Red-Notice-720-%255BAcademyZooze%255D.mkv
mpa sania naaz dancing.MKV - XVIDEOS.COM,https://xvideos8.org/video33498593/mpa_sania_naaz_dancing.mkv
cliphayho.com-Drifting into Chaos (1989)- tron dia nguc.mkv,https://www.xvideos3.com/video27801995/cliphayho.com-drifting_into_chaos_1989_-_tron_dia_nguc.mkv
Who is Zlatan[www.SportDownload.ir].mkv - سایت اسپورت دانلود,http://vip.sportdownload.ir/1/srv3/Archive/Who%2520is%2520Zlatan%5Bwww.SportDownload.ir%5D.mkv
Breastfeeding tutorial Hand Expressing Milk And Breast Massage for ...,https://xv-xvideos3.net/video27918227/breastfeeding_tutorial_hand_expressing_milk_and_breast_massage_for_breastfeeding_2_-_youtube.mkv
Red.Notice.2021.1080p İndirlite.com.mkv - Dosya Yükle,https://diskgo.net/KS/Red.Notice.2021.1080p_%25C4%25B0ndirlite.com.mkv
