[XLS] RMA Request - Accent Monitoring Group,https://accentmonitoringgroup.com/wp-content/uploads/2016/10/AMG-RMA-copy-1.xlsx
[XLS] Print Books - McGill University,https://www.mcgill.ca/library/files/library/hssl_history_of_the_americas_e_to_send_out_1.xlsx
[XLS] 1st us series - Garbage Pail Kids News,http://gpknews.com/wp-content/uploads/2015/07/GPK-check-lists-blank.xlsx
