[PPT] Thank You,https://journals.lww.com/clinorthop/fulltext/2000/03000/the_disproportionate_impact_of_chronic_arthralgia.18.aspx%3FPpt%3DArticle%257Cclinorthop:2000:03000:00018%257C%257C
[PPT] Medical Terminology Prefix Root Medical Term Definition,https://www.iroquoiscsd.org/cms/lib/NY19000365/Centricity/Domain/77/Medical%2520Terminology1.pptx
"[PPT] a randomised, double-blind, placebo-controlled, proof-of-concept trial",https://www.thelancet.com/journals/lancet/article/PIIS0140-6736(22)01193-X/ppt
[PPT] Rash and arthralgia caused by hepatitis E - The Lancet,https://www.thelancet.com/journals/lancet/article/PIIS0140-6736(13)62074-7/ppt
[PPT] PowerPoint Presentation - EULAR,https://www.eular.org/myUploadData/files/b_combe_early_arthritis_recommendations_april_2018l.pptx
[PPT] SCE Questions - HEE NE,https://madeinheene.hee.nhs.uk/Portals/74/SCE%2520questions%2520PE%2520and%2520Sarcoid-3-JS.pptx
[PPT] Evaluation & Management of Atraumatic Knee Pain,https://files.bridgeport.edu/public/Academics/ContinuingEd/Postgraduate/Evaluation_Management_of_Internal_Derangement_of_the_Knee_2020.pptx
[PPT] Download Figures (PPT) - Gastroenterology,https://www.gastrojournal.org/article/S0016-5085(13)00372-7/ppt
[PPT] COMPliance and Arthralgia in Clinical Therapy - Annals of Oncology,https://www.annalsofoncology.org/article/S0923-7534(19)36452-X/ppt
[PPT] Download Figures (PPT) - Osteoarthritis and Cartilage,https://www.oarsijournal.com/article/S1063-4584(17)31197-4/ppt
