[PPT] Steps in setting price,http://www.uky.edu/~bsstil0/oldclass/300-401/slides/ch14.ppt
[PPT] Tableware or table appointments include the dinnerware (including ...,https://www.education.ne.gov/wp-content/uploads/2017/07/44-Table-Appointments.ppt
[PPT] Improving Teacher Preparation: Building on Innovation (MS ...,https://www2.ed.gov/documents/teaching/teacher-prep.ppt
[PPT] Specific Heat 16.1 Thermal Energy and Matter 1.,http://www.matsuk12.us/cms/lib/AK01000953/Centricity/Domain/3119/Ch16_S1.ppt
[PPT] Engaging Michigan Citizens in Setting Priorities for Medicaid,https://govinfo.library.unt.edu/chc/resources/slide/chc_0816_goold_chat.pps
[PPT] Support in setting up a non-grid Atlas Tier 3 - CERN Indico,https://indico.cern.ch/event/94434/contributions/1282288/attachments/1105758/1577523/Tier3support.ppt
[PPT] Table Setting,https://www.uen.org/lessonplan/download/17342%3FlessonId%3D12374%26segmentTypeId%3D2
[PPT] Developments in setting European Standards - Etira,http://www.etira.org/images/content/CEN%2520Barcelona.ppt
[PPT] Basic Economics of Conservation Planning,https://www.nrcs.usda.gov/wps/PA_NRCSConsumption/download%3Fcid%3DSTELPRDB1256972%26ext%3DPPT
[PPT] How safe is safe? The health imperative in setting standards for food ...,https://cdn.cseindia.org/userfiles/Session%25204%2520potable%2520water.ppt
