[PPT] Hypertrophic Cardiomyopathy,https://www.accindia.org/beta/presentations/Hypertrophic_Cardiomyopathy%5B1%5D.ppt
[PPT] La religion - Université de Montréal,https://www.webdepot.umontreal.ca/Usagers/lanoueg/MonDepotPublic/La%2520religion.ppt
[PPT] Les peuples du Grand Bassin - Université de Montréal,https://www.webdepot.umontreal.ca/Usagers/lanoueg/MonDepotPublic/bassin.ppt
