"GALEN, Method of Medicine, Volume I | Loeb Classical Library",https://www.loebclassics.com/view/LCL516/2011/pb_LCL516.cxxxv.xml
Gardens and the Trope of Romanticism - Brill,https://brill.com/downloadpdf/book/9789004362130/BP000024.xml
The Greek word <f>cipµaKa (pharmaka) is more appropriate ... - Brill,https://brill.com/downloadpdf/book/9789004377486/BP000004.xml
Untitled,https://catalogue.ceh.ac.uk/id/eb2bc7a2-4bd8-455d-8f0d-7d379540e967.xml%3Fformat%3Dgemini
[PDF] Goldenrod - Journal of the American Society for Horticultural Science,https://journals.ashs.org/horttech/downloadpdf/journals/horttech/12/4/article-p711.xml
An Ecological Study of the Prairie and Sedge ... - IDEALS @ Illinois,https://www.ideals.illinois.edu/bitstream/handle/2142/10162/inhsbiodv02001i00008_tei.xml%3Fsequence%3D1%26isAllowed%3Dy
Iridoids from L. and their potential as innovative ingredients in ...,https://www.degruyter.com/view/j/pjct.2017.19.issue-4/pjct-2017-0078/pjct-2017-0078.xml
seo-sitemap.xml - PicMonkey,https://www.picmonkey.com/seo-sitemap.xml
1. Introduction - Hindawi.com,https://downloads.hindawi.com/journals/omcl/2021/6620913.xml
"An English herbal, or, A discovery of the physical vertues of all herbs ...",https://ota.bodleian.ox.ac.uk/repository/xmlui/bitstream/handle/20.500.12024/A38455/A38455.xml%3Fsequence%3D6%26isAllowed%3Dy
