g89954exv10w9.txt - SEC.gov,https://www.sec.gov/Archives/edgar/data/1299325/000095014404007938/g89954exv10w9.txt
"Distributor Agreement dated October 31, 2006 between smart gmbh ...",https://www.sec.gov/Archives/edgar/data/1019849/000095013708002702/k23205exv10w8.txt
distributor/readme.txt at develop · 10up/distributor - GitHub,https://github.com/10up/distributor/blob/develop/readme.txt
[PDF] MASSACHUSETTS - Horizon Beverage,https://www.horizonbeverage.com/getattachment/Our-Services/Become-a-Customer/HorizonBeverageBooklet-Web-Version-(1).pdf%3B.xml%3B.txt%3Flang%3Den-US
f - SEC Report,https://sec.report/Document/1015570/000077172605000135/e6901_ex99-3j.txt
ex1011.txt - SEC Report,https://sec.report/Document/834071/000083407101500032/ex1011.txt
cancel.txt - Nebraska.gov,https://www.nebraska.gov/revenue/fuels/licenses/cancel.txt
Internet Broadcast Issues - » RFC Editor,https://www.rfc-editor.org/ien/ien10.txt
Distribution License - UCSF RBVI,https://www.rbvi.ucsf.edu/chimera/docs/povray/distribution-license.txt
DSCResources/DSC_SqlReplication/en-US/about_SqlReplication ...,https://www.powershellgallery.com/packages/SqlServerDsc/14.2.1/Content/DSCResources%255CDSC_SqlReplication%255Cen-US%255Cabout_SqlReplication.help.txt
