[PPT] Architectural Studies,http://www.menifee.k12.ky.us/userfiles/32/Architectural%2520Studies%2520T-Z.ppt
[PPT] Architectural Studies,http://www.menifee.k12.ky.us/userfiles/32/Architectural%2520Studies%2520C-D.ppt
[PPT] Aerial View of Giza,https://www.brown.edu/Departments/Joukowsky_Institute/courses/introtoegypt/files/4575009.ppt
[PPT] What does Newgrange tell us about Neolithic people? - PDST,http://www.pdst.ie/sites/default/files/Newgrange.ppt
[PPT] Overview of House Styles from 1850-1990,https://people.uwec.edu/ivogeler/w367/styles/styles.ppt
[PPT] Architecture,https://nctc.instructure.com/courses/12598/files/1331312/download
[PPT] What Do I already know about Prehistoric Cultures?,https://www.d.umn.edu/cla/faculty/troufs/anth3618/PowerPoint/trtemp.ppt
[PPT] Slide 1,http://www.ldsd.org/cms/lib/PA09000083/Centricity/Domain/163/Aegean%2520Art.ppt
[PPT] PowerPoint Presentation - Montclair State University,https://msuweb.montclair.edu/~franker/Anth140/PowerpointFiles/Week06Maya.ppt
[PPT] Athenian Acropolis,https://www.nhvweb.net/nhhs/socialstudies/dduerring/files/2011/10/Copy-of-Minoan-Civilizationii.ppt
[PPT] A detail from a sacred Maya mural at San Bartolo,https://www.csus.edu/indiv/o/obriene/art111/lectures/maya%2520%26%2520moche%2520portrait%2520vessel.ppt
[PPT] Acropolis of Mycenae,http://www.tamut.edu/academics/mperri/AnWld/Greece1.ppt
[PPT] PowerPoint Presentation,https://pdfsecret.com/download/ch4-lectureppt_59f7fb4fd64ab28ae24a6b10_pdf
[PPT] Миротворческая миссия Казахстана в Ираке,http://search.globescope.com/kazakhstan/uploads/images/ppt2.ppt
[PPT] Cycladic Culture - Mayfield City Schools,http://www.mayfieldschools.org/Downloads/cycladic%2520and%2520minoan%2520art.ppt
[PPT] Dolmen - English Matters,http://www.englishmatters.org/documents/Irish_Art.pps
[PPT] PowerPoint Presentation - Penn State Engineering,https://www.engr.psu.edu/AE/THESIS/portfolios/2004/dxc255/DLClarkII%2520Presentation.ppt
[PPT] Rulers and buildings,https://dpss8f.files.wordpress.com/2013/04/rulers-and-buildings1.ppt
[PPT] THE GREAT PYRAMID - sch blog,https://blogs.sch.gr/vicky_gi/files/2018/05/The-Great-Pyramid-of-Giza.ppt
[PPT] Photo Album - Dragodid,http://www.dragodid.org/materijali/DRAGODID%40EUROPA%2520NOSTRA%25202011-websub.pps
