Zombie-Plague-Special/zombie_plague_special.ini at master - GitHub,https://github.com/PerfectScrash/Zombie-Plague-Special/blob/master/Version%25202.3/configs/zombie_plague_special.ini
lwotc/XComEncounters.ini at master · long-war-2/lwotc - GitHub,https://github.com/long-war-2/lwotc/blob/master/LongWarOfTheChosen/Config/XComEncounters.ini
Soldat.ini - Soldat Community Wiki,https://wiki.soldat.pl/index.php/Soldat.ini
www.angelfire.com/falcon/barrysite/zpickit.ini,http://www.angelfire.com/falcon/barrysite/zpickit.ini
https://raw.githubusercontent.com/gamelocker/battl...,https://raw.githubusercontent.com/gamelocker/battlerite-assets/master/mappings/39644/Localization/English.ini
zasd/mypy.ini at 4086e22bce1c950c0cd0c30147c78eb969a8a479 ...,https://www.tigerville.no/thor/zasd/src/commit/4086e22bce1c950c0cd0c30147c78eb969a8a479/mypy.ini
dkanus/Acedia - config/AcediaAliases.ini at ...,https://www.insultplayers.ru/git/dkanus/Acedia/src/commit/b6e75a44b019a5074e4ad38b38386204c238d277/config/AcediaAliases.ini
TOPdesk - Configuration.File,http://210.242.149.156/login/view/servlet/flashFXP.ini
