"[PPT] Earth in space (PPT, 2.9MB)",https://www.iop.org/sites/default/files/2019-11/TSST-Earth-space.ppt
[PPT] Mechanisms of Alkenes - TigerWeb,https://tigerweb.towson.edu/jdiscord/www/331_problem_sets/chapter6-8/mechanismalkene.ppt
[PPT] Fellowship FY07 Budget Proposal,https://med.virginia.edu/generalist-scholars-program/wp-content/uploads/sites/263/2015/10/Poster-Making-How-To.ppt
[PPT] PowerPoint Presentation - Shippensburg University,http://webspace.ship.edu/hliu/347/ppt/Generalist.ppt
"[PPT] See if you can make a chain of causes and effects, using the ... - P4C",https://p4c.com/wp-content/uploads/2016/03/LogicworksB-1.ppt
[PPT] Slide 1,http://web.colby.edu/st112wa2018/files/2018/05/Poster.ppt
[PPT] PowerPoint Presentation - Northwestern Computer Science,https://users.cs.northwestern.edu/~jet/Teach/2002_1win_AdvGraphics/presentations/week8.npr.shabib.ppt
[PPT] Course Notes for CS 1501 Algorithm Implementation By John C ...,https://people.cs.pitt.edu/~kirk/cs1501/notes/cs1501.ppt
[PPT] patents: a hybrid form of regulation - Brookings,https://www.brookings.edu/wp-content/uploads/2012/04/20051207_kahin.ppt
[PPT] CS329e – Elements of Visual Programming - UT Computer Science,https://www.cs.utexas.edu/~scottm/cs320n/handouts/slides/LecChap07-1DefiniteLoops.ppt
