[PDF] Pharyngitis,http://www.med.umich.edu/1info/fhp/practiceguides/pharyngitis/pharyn.pdf
[PDF] Sore Throat (Pharyngitis),http://www.med.umich.edu/1libr/ccg/Pharyngitis.pdf
[PDF] itc-pharyngitis-2012-patient-information.pdf,https://www.acponline.org/journals/annals/intheclinic/itc-pharyngitis-2012-patient-information.pdf
[PDF] ​Pharyngitis,https://uhs.berkeley.edu/sites/default/files/pharyngitis.pdf
"[PDF] Streptococcal Pharyngitis (Strep Throat) Disease Fact Sheet, P-42092",https://www.dhs.wisconsin.gov/publications/p4/p42092.pdf
[PDF] Streptococcal Pharyngitis (Strep Throat),https://www.bhchp.org/sites/default/files/BHCHPManual/pdf_files/Part1_PDF/Strep.pdf
[PDF] Care Process Models Streptococcal Pharyngitis,https://intermountainhealthcare.org/ckr-ext/Dcmnt%3Fncid%3D525953897
Pharyngitis | Canadian Family Physician,https://www.cfp.ca/content/cfp/66/4/251.full.pdf
[PDF] Pharyngitis | RxFiles,https://www.rxfiles.ca/rxfiles/uploads/documents/ABX-Pharyngitis.pdf
[PDF] INSTRUCTION SHEET: SORE THROAT (PHARYNGITIS),https://uncw.edu/healthservices/documents/InstructionSheet-SoreThroatPharyngitis512.pdf
Pharyngitis - Primary Care: Clinics in Office Practice,https://www.primarycare.theclinics.com/article/S0095-4543(13)00106-1/pdf
Pharyngitis and Epiglottitis - Infectious Disease Clinics,https://www.id.theclinics.com/article/S0891-5520(07)00014-1/pdf
[PDF] Sore Throat (Pharyngitis),https://www.lawrence.edu/mw/Pharyngitis%2520%2528sore%2520throat%2529%2520handout.pdf
[PDF] Clinical Practice Guideline for Treatment and Diagnosis of Acute ...,https://www.mahealthcare.com/pdf/practice_guidelines/Treatment_of_Acute_Pharyngitis.pdf
cis629.pdf - Oxford Academic,https://academic.oup.com/cid/article-pdf/55/10/e86/34135110/cis629.pdf
"[PDF] Streptococcal Pharyngitis: Guidelines, Treatment Issues, and ...",https://ptcky.com/wp-content/uploads/2015/07/strep-phar-ped-ann-2014.pdf
Acute Pharyngitis: Etiology and Diagnosis - AAP Publications,https://publications.aap.org/pediatrics/article-pdf/97/6/949/987787/949.pdf
[PDF] PHARYNGITIS,https://www.usi.edu/media/925423/phar.pdf
[PDF] Pediatric (Age 5-17 Years) Pharyngitis Guideline,https://doh.sd.gov/documents/diseases/HAI/PediatricPharyngitis.pdf
[PDF] Pharyngitis/ Sore Throat/ Tonsillitis - Notts APC,https://www.nottsapc.nhs.uk/media/1350/5-pharyngitis-sore-tons-2003.pdf
[PDF] Quality ID #66: Appropriate Testing for Children with Pharyngitis,https://qpp.cms.gov/docs/QPP_quality_measure_specifications/CQM-Measures/2019_Measure_066_MIPSCQM.pdf
[PDF] Which treatments provide the most relief for pharyngitis pain?,https://cdn.mdedge.com/files/s3fs-public/Document/September-2017/6005JFP_ClinInq3.pdf
[PDF] ANMC Group A Streptococcal Pharyngitis (GAS) Treatment Guidelines,https://anmc.org/files/Pharyngitis.pdf
[PDF] Appropriate Testing for Pharyngitis (CWP),https://ambetter.sunshinehealth.com/content/dam/centene/Sunshine/Ambetter/PDFs/508-SH-PRO-GuidelinesForTestingForPharyngitis-6.24.2020-UPDATED.pdf
[PDF] Acute Pharyngitis - Full version - Centre for Health Protection,https://www.chp.gov.hk/files/pdf/guidance_notes_acute_pharynitis_full.pdf
[PDF] Acute Pharyngitis in Adults Fact Sheet - Providers - Keystone First,https://www.keystonefirstpa.com/pdf/provider/initiatives/antibiotic-use/pharyngitis-adults.pdf
[PDF] PRACTICE GUIDANCE FOR JUDICIOUS USE OF ANTIBIOTICS,https://doh.wa.gov/sites/default/files/legacy/Documents/Pubs//420-198-WAPharyngitisClinicalGuideline.pdf%3Fuid%3D625dedd60be0e
[PDF] ENT TONSILLITIS/PHARYNGITIS,https://stmungos-ed.squarespace.com/s/ENT6.pdf
Sin usitis and Pharyngitis,https://link.springer.com/content/pdf/10.1007/978-1-4757-2947-4_40.pdf
[PDF] pharyngitis-cpg.pdf - Children's Mercy,https://www.childrensmercy.org/contentassets/bc67122a037a4ad4bc6ceb006a2a6f85/pharyngitis-cpg.pdf
