"[DOC] Planning, Implementation and Organic Management of Agave",https://regenerationinternational.org/wp-content/uploads/Handbook-Planning-Implementation-and-Organic-Management-of-Agave.docx
[DOC] Agave americana and Furcraea andina: Key Species to Andean ...,https://www.botanicalsciences.com.mx/index.php/botanicalSciences/article/view/1813/Revised%2520Version%2520Mannuscript%2520Agaveae%2520Ecuador
[DOC] Objectives - QUBES Hub,https://qubeshub.org/resources/951/download/Angiosperm_Coevolution_Module.docx
[DOC] Agaves 4/1/22 4/1/2022 Happening in Our Classroom March In ...,https://www.keystonemontessori.com/classroom-updates/toddlers/files/Toddler%2520Documents/Agaves%2520Newsletter%2520April%25201.docx
[DOC] Terry Tierney Plants list - Cactus and Succulent Society of ...,http://www.cssq.org.au/wp-content/uploads/2020/06/TTPantList2020.docx
[DOC] Agave-openflyer.docx - Antigua Barbuda Horticultural Society,http://www.antiguahorticulture.com/wp-content/uploads/2017/02/Agave-openflyer.docx
[DOC] FOR IMMEDIATE RELEASE The Diamond of Duality: Tequila ...,https://www.bevnet.com/spirits/2020/tequila-partida-introduces-partida-anejo-cristalino/attachment/tequila-partida-introduces-partida-anejo-cristalino/
[DOC] Sangria_Margaritas_Beer.docx - Sazon,https://sazonsantafe.com/wp-content/uploads/2021/05/Sangria_Margaritas_Beer.docx
[DOC] Transcription - SciPod,https://www.scipod.global/wp-content/uploads/2022/03/Ordaz-Ortiz-SciPod-script-final.docx
"[DOC] Southwest Horticulture Annual Day of Education. SHADE, August 10 ...",https://azna.org/resources/Documents/Growing%2520Plants%2520for%2520Pollinators%2520%2520%2520%2520%2520%2520From%2520Trend%2520to%2520Cultural%2520Shift%2520%2520Final.docx
[DOC] Native Plant List.docx,https://www.us-ltrcd.org/files/e1f202873/Native%2BPlant%2BList.docx
[DOC] happy hour - Casa Martin,https://www.casamartinsm.com/wp-content/uploads/2021/09/DRINK-MENU-FOR-1654-OCEAN-AVE.docx
[DOC] List of Plant Fibres with Alternative Conditions for Import,https://www.awe.gov.au/sites/default/files/sitecollectiondocuments/biosecurity/new-legislation/lists/plant-fibres-list.docx
[DOC] juice bar menu - Harmony Farms,http://www.harmony-farms.net/wp-content/uploads/2015/12/JUICE-BAR-MENU.docx
