[PPT] Designing the Landscape - Rainier School District,https://www.rainier.wednet.edu/cms/lib/WA01001947/Centricity/Domain/93/Designing%2520the%2520Landscape.ppt
[PPT] Waskowitz Outdoor School,https://www.highlineschools.org/fs/resource-manager/view/3fa44020-88ca-4a79-807d-842588aa2fc8
[PPT] Outdoor Venues & Policy Enforcement - Oregon.gov,https://www.oregon.gov/oha/PH/DISEASESCONDITIONS/CHRONICDISEASE/HPCDPCONNECTION/TRAINING_EVENTS/Documents/TrainingMaterials/2011_2012/March12_OutdoorVenuesEnforcement.ppt
[PPT] Outdoor Adventures Powerpoint - CommonHealth,https://commonhealth.virginia.gov/tlc/documents/oa/OutdoorAdventures.ppt
[PPT] Introduction to Outdoor Emergency Care - Huff Hills Ski Patrol,https://www.huffhillsskipatrol.org/uploads/1/1/9/5/1195830/nsp_oec_ch01_lecture.ppt
[PPT] Boy Scouts of America OUTDOOR ETHICS,http://www.sdicbsa.org/Programs/OutdoorEthics/Docs/LNT%2520101%2520SDIC%2520version%2520PowerPoint%25205-10.ppt
[PPT] Outdoor Wood Boilers,http://dec.vermont.gov/sites/dec/files/aqc/compliance/documents/E10%2520EUBoilers2.ppt
[PPT] SIXTH GRADE OUTDOOR EDUCATION - Carlisle Public Schools,https://www.carlisle.k12.ma.us/cms/lib/MA01907515/Centricity/Domain/195/Outdoor%2520Ed%2520Presentation%25202019.ppt
[PPT] Teaching Middle School Outdoor Education,https://aahperd.confex.com/aahperd/2013/webprogram/Handout/Session54475/Outdoor%2520Ed.ppt
[PPT] Jams and Pretzels continued,https://go.roguecc.edu/sites/go.roguecc.edu/files/users/DGardner/nsp_oec_ch20_sec3b_lecture.ppt
[PPT] BSA and Leave No Trace,https://outdoorethics-bsa.org/resources/contributed/Display_Hammer/FromSlides2.ppt
[PPT] Leave No Trace - Outdoor Ethics-BSA,https://outdoorethics-bsa.org/files/LNT%2520BSA%2520show.ppt
[PPT] Playground Safety - Mass.gov,https://www.mass.gov/doc/playground-safety-training/download
[PPT] Outdoor Temperature Action Levels - Wsu,https://s3.wp.wsu.edu/uploads/sites/1384/2016/07/Outdoor-Heat-Exposure-Training.ppt
[PPT] this is the siren type used in a weather emergency. - Village of Itasca,https://www.itasca.com/DocumentView.asp%3FDID%3D428
[PPT] “An IEC Point of View on Grounding Systems of Outdoor Lighting ...,https://www.ece.rutgers.edu/~gajic/ieee/Grounding.ppt
[PPT] Common Obstetrical and Gynecological Emergencies continued ...,https://go.roguecc.edu/sites/go.roguecc.edu/files/users/DGardner/nsp_oec_ch34_lecture.ppt
[PPT] PowerPoint Presentation - OutdoorEd.com,https://www.outdoored.com/sites/default/files/documents/files/Risk%2520Assessment%2520%2526%2520Safety%2520Management%2520Model%2520NonCommercial%2520Use.ppt
"[PPT] Relationships of Indoor, Outdoor and Personal Air (RIOPA) Study",http://www.mce2.org/workshops/symposium_2004/c/weisel.ppt
[PPT] Exploring Early Childhood Teachers' Beliefs and Practices about ...,https://www.researchgate.net/profile/Sandra-Mcclintic/publication/272407578_Exploring_Early_Childhood_Teachers'_Beliefs_and_Practices_About_Preschool_Outdoor_Play_A_Qualitative_Study/links/54f8ad320cf2ccffe9df5a79/Exploring-Early-Childhood-Teachers-Beliefs-and-Practices-About-Preschool-Outdoor-Play-A-Qualitative-Study
[PPT] Tobacco/E-Cigarette Laws – Minors - Texas Comptroller,https://comptroller.texas.gov/programs/support/tobacco/docs/TrainJudgesProsecutors.ppt
[PPT] Lesson 4.8 - Slides-Advertising - Wtps.org,https://www.wtps.org/cms/lib/NJ01912980/Centricity/Domain/720/4.8%2520--Advertising.ppt
[PPT] air water-to-air inside the heat pump compressor capable of ...,http://www.hvac.amickracing.com/Heat%2520Pump%2520Information%2520and%2520Data/Heat%2520pump%2520service.ppt
[PPT] (continued) History of Outdoor Recreation in North America (1890 ...,http://www.humankinetics.com/acucustom/sitename/Documents/DocumentItem/RecreationAndLeisure-PP-Chap16.ppt
[PPT] Diapositive 1 - LG Business Solutions,https://www.lgbusiness.es/wp-content/uploads/2020/09/2.EuroDLX2_WEBINFO_191031_v1.0.ppt
"[PPT] Outdoor Burning Rule 111.201 (Title 30, TAC)",http://law.uh.edu/faculty/thester/courses/Environmental-Practicum-2019/Air%2520Pollution%2520PRESENTATION_2019.ppt
[PPT] Leave No Trace - Boy Scouts,https://filestore.scouting.org/filestore/Outdoor%2520Program/OutdoorEthics/ppt/BSALNTEducModelEducatorsME.ppt
[PPT] Animals - Southern Nevada Health District,https://southernnevadahealthdistrict.org/download/eh/child-care-training-outdoor.ppt
[PPT] Lesson 6 – Outdoor Fire Safety [118K],https://www.muskegon-mi.gov/cresources/fire/pps/mod3lesson6.pps
[PPT] R3 Topic4 Heat Pump Operation v1.1,https://www.mcvts.net/cms/lib/NJ01911694/Centricity/Domain/210/Refrigeration/R3%2520Unit%252043%2520Heat%2520Pump%2520Operation.ppt
[PPT] Weather for Avalanche Professionals and Winter Outdoor Enthusiasts,https://courses.comet.ucar.edu/pluginfile.php/1692/mod_resource/content/0/Week_7/EC_NWP_show.pps
[PPT] Medium Voltage Outdoor Apparatus Portfolio - ABB,https://library.e.abb.com/public/4c0e0106e7e83572c1257b1300574057/MV%2520Outdoor%2520Apparatus%2520Portfolio%25201103.ppt
[PPT] Folie 1,https://fih.wildapricot.org/resources/Documents/Indoor%2520overview.ppt
[PPT] Outdoor Leader competencies,http://usm-marlowe.weebly.com/uploads/1/3/4/8/13489335/outdoor_leader_competencies_lecture_3.ppt
[PPT] Air Pollution The Solution: Awareness Upstate County Council ...,https://www.greenvillecounty.org/AirQuality/pp/ozone_pm_challenge_and_solution.pps
[PPT] Landscaping,https://www.casdonline.org/cms/lib/PA02217736/Centricity/Domain/390/Section_1_The_Principles_of_Landscaping.ppt
[PPT] Wilderness medicine and outdoor health - STFM Connect,https://connect.stfm.org/HigherLogic/System/DownloadDocumentFile.ashx%3FDocumentFileKey%3Da64ded0a-5ae2-408b-962e-8f956fa9fa55%26forceDialog%3D0
[PPT] Should Schools Internalize IPM or Contract for Service?,https://ipminstitute.org/wp-content/uploads/2016/06/School_asthma_IAQ_IPM_June_26_2007.ppt
[PPT] Outdoor Education - cloudfront.net,https://d32ogoqmya1dw8.cloudfront.net/files/integrate/programs/implementation/program1/workshop2/picanco_slides.ppt
[PPT] Z92.3 - Pearson Canada,http://wps.pearsoned.ca/wps/media/objects/6381/6534511/ppt/ch10.ppt
[PPT] Calculating the focal length (f) - Axis Communications,http://www.axis.com/ftp/pub/misc/WCPT/May%252004_West_Day%25202_Final.ppt
[PPT] Contact with Air Pollution,https://state.nj.us/dep/cleanair/hearings/powerpoint/10_hapnjp_zhang.ppt
[PPT] Programming Outdoor Distributed Embedded Systems,https://www.cse.usf.edu/dsg/data/publications/presentations/mobius-selfman.ppt
[PPT] Combustion Air - CT.gov,https://portal.ct.gov/-/media/DCP/occpro/CEU201213C04CombustionAir2ppt.ppt%3Fla%3Den
[PPT] The ASTHMA FLAG PROGRAM at Community Services Agency… Is ...,https://www.csa-stanislaus.com/other-services/imgs/asthma-flag-eng.pps
[PPT] WatchOUT - Reliable Outdoor Detection - BST,http://bst.lv/data/doc/12193198957993.ppt
[PPT] Applied Linear Regression,http://www.stat.yale.edu/~mjk56/ThompsonsTalk/KaneThompsonsTalk.ppt
[PPT] Electronics in the Outdoors,https://tcscouts.org/UoS/general/ElectronicsOutdoors2020.ppt
[PPT] Systems Reliability—Worldwide,https://navair.com/product/outdoor-ups/%3Fattachment_id%3D61968%26download_file%3Dh6bmwe3gsldoo
[PPT] 802.20 MBWA Channel Models - IEEE 802,https://www.ieee802.org/20/Contribs/C802.20-03-89.ppt
[PPT] What qualities do you need to be successful in the PhD program?,https://web.njit.edu/~borcea/talks/phd-advices.ppt
[PPT] Trends in Outdoor Recreation Implications and Strategies,http://hnr.k-state.edu/doc/rres-489/trends-in-outdoor-recreation-2013.ppt
[PPT] Anchorage Indoor Air - Muni.org,https://www.muni.org/Departments/health/Admin/environment/AirQ/Documents/Anchorage%2520Indoor%2520Air.ppt
[PPT] Take C.O.N.T.R.O.L. of Asthma! - IN.gov,http://www.in.gov/isdh/files/TakeControlOfAsthma-2-OPA.ppt
[PPT] National Ambient Air Quality Standard Comparing Industrial and IAQ ...,https://www.bwc.ohio.gov/downloads/blankpdf//indoorairstandards.ppt
[PPT] Welcome to ITRC's Internet Training - CLU-IN,https://clu-in.org/conf/itrc/rads_072903/prez/rad_risk_i-training_072803ppt.ppt
[PPT] Robust Model-based Localization for Mobile Robots in Urban ...,http://www.cs.columbia.edu/~allen/F17/NOTES/topbot.ppt
[PPT] NEEF Survey Results - Children's Environmental Health Network,https://www.cehn.org/wp-content/uploads/2015/12/Children-and-Nature_NEEF.ppt
[PPT] Unibo oggi - inglese - University of Plymouth,https://www.plymouth.ac.uk/uploads/production/document/path/8/8445/Outdoor_learning_in_Italy_2017.ppt
[PPT] Chapter 13,https://wou.edu/~eltonm/Advertising/Course%2520Materials/Chapter13.ppt
