US Accuses North Korea of Not Moving Toward Denuclearization,https://www.northkoreatimes.com/news/257801863/oct04v56.flv
WAG 19-07-04-b: REDE Not Returned or Returned Late by MPR Unit,https://www.dhs.state.il.us/page.aspx/FACT_1WhatIsVR.flv%3Fitem%3D17573
WAG 09-02-04: Responsible Relative Not Living With Unit - IDHS,https://www.dhs.state.il.us/page.aspx/FACT_1WhatIsVR.flv%3Fitem%3D15772
U.S. Security Adviser: Washington Not Pushing Iran 'Regime Change',https://www.irishsun.com/news/257260987/oct04v56.flv
Trump Warns Iran Not To Restart Nuclear Program,https://www.irishsun.com/news/257221236/oct04v56.flv
Fujimori Begs Not to Be Put Back in Prison,https://www.chilesun.com/news/258083541/oct04v40.flv
"Putin Not Welcome In Congress If He Visits Washington, Leaders Say",https://www.stpetersburgstar.com/news/257730682/oct04v56.flv
"US Politicians Urge Google, Facebook Not to Censor Vietnamese",https://www.vietnamtribune.com/news/257700089/feb24v21.flv
Ethnic Kazakh From China Urges Uzbekistan Not To Extradite Him,https://www.thailandherald.com/news/259448597/feb24v21.flv
