[PDF] Where to Honeymoon in 2020 - Mango African Safaris,https://www.mangoafricansafaris.com/press-files/harpers_bazaar_where_to_honeymoon_in_2020_jan_2020.pdf
[PDF] AMICA~ - Stacks are the Stanford,https://stacks.stanford.edu/file/druid:yz336rc2698/12-07-08.pdf
[PDF] Forsyth on Choral Orchestration,http://www.opus28.co.uk/Forsyth%2520Choral.pdf
[PDF] Best. Summer. Ever. - Nothing to see here,https://media.journoportfolio.com/users/15766/uploads/be9416d2-7cbf-42ed-9bc3-d0d57c4d7814.pdf
[PDF] Fravia's searchlores.org and searchlore.org catching station,https://pingpdf.com/download/aaaaaa-you-found-the-place-that-will-teach-you-how-to-find-what-you_5a2b6e46d64ab29b71c629d3.html
[PDF] jalang-jalang de' ganu ... asamgaram,https://pingpdf.com/download/asamgaram-blogger_5a612658d64ab228faf3df74.html
