[PPT] The End of the World is nigh (er) ! - APNIC Labs,https://labs.apnic.net/presentations/store/2007-07-12-questnet-ipv4.ppt
[PPT] Governor David Hall - Guthrie Public Schools,https://www.guthrieps.net/pages/porter/okhistory/Chapter%252024%2520Notes.ppt
[PPT] Slide 1 - HymnSite.com,https://www.hymnsite.com/lyrics/umh730.ppt
[PPT] NEW SLIDE PRESENTATION - OK.gov,https://oklahoma.gov/content/dam/ok/en/okhca/documents/drg_update_20080801.ppt
[PPT] PEv 04 Simple Methods of Giving Bible Studies,https://www.sabbathschoolpersonalministries.org/pev-04-simple-methods-of-giving-bible-studies.ppt
[PPT] Winning and Losing: Where You Live Really Matters Global Shift ...,https://study.sagepub.com/system/files/Chapter%252010_copyedited_0.ppt
[PPT] New Developments in OAI - CERN Indico,https://indico.cern.ch/event/410288/contributions/1865587/attachments/830053/1147321/Michael_Nelson.ppt
[PPT] Optimizing Tests for Multiple Fault Models - Auburn University,https://www.eng.auburn.edu/~agrawvd/TALKS/Agrawal_Yogi_NATW07.ppt
[PPT] https://bjgp.org/content/64/629/643.1.powerpoint,https://bjgp.org/content/64/629/643.1.powerpoint
[PPT] The Glorious God and His Glorious Church,http://www.pblcoc.org/media/sermons/audio/2015/03-29-AM-Growing-Closer-to-Each-Other.ppt
[PPT] Dánta agus Rainn,https://www.stmarys-belfast.ac.uk/aisaonad/Rainn/Ceol_agus_rainn_files/Danta%2520agus%2520Rainn%25203.ppt
[PPT] Inflection-Specific Constructions in English - John Newman,https://www.johnnewm.org/app/download/244675703/RiceNewman.pps%3Ft%3D1621036398%26mobile%3D1
[PPT] By Thy Mercy Words by James J. Cummins Music by Greg ...,http://hymnbook.igracemusic.com/hymns/ten-thousand-times-ten-thousand/download%3Ftype_id%3D8
"[PPT] Hallelujah, Praise Jehovah ©1982 Darwin Jordan Music. Words",http://hymnbook.igracemusic.com/hymns/i-need-thee-every-hour/download%3Ftype_id%3D8
[PPT] 2011-10-23 AM Bible Authority 5.ppt - Sumner Church of Christ,http://sumnerchurchofchrist.org/media/uploads/sermons/2014/01/2011-10-23%2520AM%2520Bible%2520Authority%25205.ppt
[PPT] Metropolis (1927) - Tolland High School,http://www.ths.tolland.k12.ct.us/UserFiles/Servers/Server_891766/File/English/Jim%2520MacArthur/Film%2520Studies/Introductions/Metropolis%2520(1927).ppt
[PPT] Dogs are you afraid of dogs? Annie dog vs doberman,https://www.doe.virginia.gov/special_ed/program_improvement/eligibility_determination/2015/jan/cld_disability_evaluations.ppt
[PPT] No Slide Title - New Beginnings Church,http://mail.nb-church.org/messages/2012/011512am.ppt
[PPT] A3 Trends Asignment,https://jan.ucc.nau.edu/~jf36/eci322/A3%2520Trends%2520Asignment.ppt
[PPT] Oswald Spengler: Grumpy Old Man of the Weimar Republic,https://warwick.ac.uk/fac/arts/history/students/modules/hi290/lecture/cultpess/germany8.ppt
[PPT] How much do you long for his appearing? God wins Revelation 21:4,https://burlington.church/expanse/uploads/burlington/slides/061209am.ppt
[PPT] The Deserted House - Primary Resources,http://www.primaryresources.co.uk/english/powerpoints/the_deserted_house.ppt
[PPT] Numerical Relativity in the World Year of Physics,http://laplace.physics.ubc.ca/People/matt/Doc/Talks/CAP-UBC-05/CAP-UBC-05.ppt
[PPT] New Developments in OAI,https://www.cs.odu.edu/~mln/oai-psp.ppt
[PPT] SEN Let's Celebrate Away In A Manger - CCEA,https://ccea.org.uk/document/3824
[PPT] Nigh Beer-Sheva 2013,https://kaye7.org.il/wp-content/uploads/2019/03/Night_Beer-Sheva_2013_part_2.pps
[PPT] own set of responsibilities Law Enforcement Agencies,http://www.russellind.kyschools.us/userfiles/141/my%2520files/cj/chapter5.ppt%3Fid%3D5394
[PPT] Has There Been Progress on the P vs. NP Question? - Scott Aaronson,http://www.scottaaronson.com/talks/pnp-mexico.ppt
[PPT] PowerPoint Presentation,https://history.amercrystalassn.org/assets/docs/SLIDES_J_P_Glusker__Early_Crystallographic_Investigations_by_Nobel_Laureate_Dorothy_Hodgkin%2520Part%2520III.ppt
[PPT] SIMPLE METHOD OF GIVING BIBLE STUDY - nadadultministries.org,https://nadadultministries.org/s/PEv104-Simple-Methods-of-Giving-a-Bible-Study.ppt
"[PPT] John 11:3-4 Therefore his sisters sent unto him, saying, Lord, behold ...",http://www.raymondwoodward.com/uploads/1/4/0/4/14045200/living_the_good_life_part_6.ppt
"[PPT] Chaucer, The House of Fame 1-65 Nun's Priest's Tale outline",http://www.umsl.edu/~gradyf/chaucer/npt.ppt
[PPT] Matthew 24 The Destruction of Jerusalem and the End of the World,https://thegoodteacher.com/Sermons/2014/Matthew%252024%2520Part%25203.ppt
[PPT] Spread of Infection - e-Bug,https://e-bug.eu/lang_Ireland_(IE)/IE%2520Senior%2520Pack/Senior%2520-%2520Hand%2520IE/The%2520chain%2520of%2520infection.ppt
"[PPT] and I think that it is, though only the wise improve their advantages ...",http://web.mst.edu/~kdrowne/walden.ppt
[PPT] PowerPoint Presentation - St Anne's Lydgate,https://www.stannescelydgate.oldham.sch.uk/wp-content/uploads/2020/03/Example-real-and-nonsense-words.ppt
[PPT] The Letter & The Statistics,https://www.gla.ac.uk/media/Media_255344_smxx.ppt
[PPT] PowerPoint Presentation,https://indico.fnal.gov/event/52619/contributions/231592/attachments/152867/198204/hepcloud_projectsmtg_mar_2022.ppt
[PPT] PowerPoint Presentation - Bina Darma e-Journal,http://eprints.binadarma.ac.id/1778/1/HISTORY%2520OF%2520BRITISH%2520LITERATURE%2520materi%25202.ppt
[PPT] essentials of islamic method of slaughtering,http://www.halalrc.org/images/Research%2520Material/Presentations/QUALITY%2520OF%2520HALAL%2520MEAT.ppt
