Data retention - Thesis/Dissertation - IS MUNI,https://is.muni.cz/th/251547/fi_b/gen_random.7z%3Finfo%3D1%3Blang%3Den%3Bkeywords%3Dinfo
