[PPT] Bosses and Hon eybuns.pptx - ResearchGate,https://www.researchgate.net/profile/Sylviane-Greensword/project/Doctoral-Dissertation-Braiding-Salons/attachment/59ed2164b53d2fe117b80f1e/AS:552395692310528%401508712804206/download/Bosses%2Band%2BHoneybuns.pptx%3Fcontext%3DProjectUpdatesLog
[PPT] To find the # of sugars in a container,https://natomasunified.org/content/uploads/sites/2/2017/02/5.2-Powerpoint-1.pptx%3FTB_iframe%3Dtrue%26width%3D600%26height%3D650
[PPT] Florida Department of Corrections,https://flacc.memberclicks.net/assets/site/2013PowerPointsessions/2016%2520naples%2520j.%2520nimer%2520%2520fdc.pptx
[PPT] Differences Remote Patient Monitoring (RPM) Chronic Care ...,https://www.umtrc.org/clientuploads/Archived%2520Webinar%2520Slides/RPM.CCM_SORH_Training.pptx
[PPT] Movement,http://staffnew.uny.ac.id/upload/132327677/pendidikan/Head_Movement.pptx
[PPT] Fundamentals of Nutrition,http://lms.southeasterntech.edu/ALHS/Diet%2520and%2520Nutrition%2520PPT/Nutrition%2520%26%2520Diet%2520Therapy%2520Final%2520Review%25202nd.pptx
[PPT] Kultur - Sannes psykologi,https://sannespsykologi.files.wordpress.com/2016/05/kultur.pptx
