Book Reviews 129 - jstor,https://www.jstor.org/stable/43920286
"guls' JUnt I 0, ,""zt/ 7",https://leg.mt.gov/content/Committees/Interim/2019-2020/Water-Policy/Meetings/June-2019/Exhibits/Attachment3.pdf
[PDF] The Guls Horn-Booke,https://slidex.tips/download/the-gvls-horne-booke-stultorum-plena-junt-omnia-al-sauio-meza-parola-basta-by-t
[PDF] _ guls t'f l - CiteSeerX,https://citeseerx.ist.psu.edu/viewdoc/download%3Fdoi%3D10.1.1.1016.8044%26rep%3Drep1%26type%3Dpdf
[PDF] Automated Test Oracles for GUls - Computer Science,http://www.cs.virginia.edu/~soffa/Soffa_Pubs_all/Conferences/Automated.Memon.2000.pdf
A Tool for Authoring Dynamically Generated Help for Java GUls,https://dl.acm.org/doi/pdf/10.1145/263367.263371
[PDF] Indo Guls International - IndiaMART,https://www.indiamart.com/indo-guls-international/indo-guls-international.pdf
"[PDF] The battered truck bounced along the rutted road, though to",https://www.fantasyflightgames.com/ffg_content/Arkham_Horror/Dark%2520Waters%2520Trilogy/GhoulsMiskatonic-CH3.pdf
Python Dialog Box-based GUls - Springer,http://link.springer.com/content/pdf/10.1007%252F978-1-4302-3570-5_8.pdf
[PDF] spreading of persian gulf water in the northwestern arabian sea ...,https://aquadocs.org/bitstream/handle/1834/34434/PJMS8.1_001.pdf%3Fsequence%3D1%26isAllowed%3Dy
Teaching of advanced wave-propagation phenomena in open ...,https://ieeexplore.ieee.org/iel5/74/34618/01650847.pdf
[PDF] chapter 2.3,https://kviffcogimlibrary.files.wordpress.com/2019/08/cbjessco23.pdf
[PDF] convert-jpg-to-pdf.net - Guls Studio,https://gulsstudio.com/wp-content/uploads/2016/10/Brochure.pdf
[PDF] 2022 Election Guide - Griffith University Law Society,https://www.guls.org/s/2022-Election-Guide-GULS.pdf
The National Flag of Turkmenistan of 1992,https://www.pdcnet.org/85257D7A006284F7/file/094BA16793B77F0AC1257DDD00696A45/%24FILE/raven_1995_0002_0000_0066_0078.pdf
[PDF] lily&lali - guls pride - S3Forever,https://www.s3forever.com/pdf/download_pdf/265813
[PDF] GUIDE TO - levenez.com,https://www.levenez.com/NeXTSTEP/magazine/redirect_Byte_1989-07_pdf.html
"[PDF] The SAS· System, Release 6.07, and the X Window System",https://support.sas.com/resources/papers/proceedings-archive/SUGI91/Sugi-91-140%2520Edds%2520Brown.pdf
[PDF] Res. Asst. GÜL ŞEN - METU,https://avesis.metu.edu.tr/guls/indir%3FlanguageCode%3Den
[PDF] lily&lali - guls pride - Fashion GoGirls,https://fashiongogirls.com/pdf/download_pdf/4821
[PDF] LILY&LALI - GULS PRIDE - A PRODUCT OF fiona GROUP,https://surattextilehub.com/pdf/download_pdf/143554
"[PDF] lily&lali - guls pride - prootona, group - Kynoor Wholesale",http://kynoorwholesale.com/pdf/gallery_download_pdf.php%3Fp_id%3D104295
[PDF] LILY&LALI - GULS PRIDE - A PRODUCT OF fiona GROUP,https://www.krishnacreation.co.in/pdf/download_pdf.php%3Fproduct_id%3D261387
"[PDF] Ko-bu-paala koosg kibay (GM) yvumde 2011, a - ISAAA",https://www.isaaa.org/resources/publications/briefs/43/highlights/pdf/Brief%252043%2520-%2520Highlights%2520-%2520Moore.pdf
[PDF] LILY&LALI - GULS PRIDE - A PRODUCT OF Fiona GROUP,https://kapdavilla.com/pdf/download_pdf/370466
[PDF] LILY&LALI - GULS PRIDE - A PRODUCT OF Fiona GROUP,https://prathamexports.com/pdf/download_pdf/357660
[PDF] D.No.6014 - LILY&LALI - GULS PRIDE - Eleez Fashion,https://www.eleezfashion.com/pdf/download_pdf/220507
[PDF] 293061791.pdf - CORE,https://core.ac.uk/download/pdf/293061791.pdf
AIBP complete 2008-09 - Uttarakhand Irrigation Department,https://uttarakhandirrigation.com/uploads/documents/doc_7991_AIBP-complete-in-2008-09.pdf
[PDF] LILY&LALI - GULS PRIDE - A PRODUCT OF Fiona GROUP,https://bhawanitextile.com/pdf/download_pdf/492357
