pytest.ini · master · razer / Bubblemail - GitLab,https://framagit.org/razer/bubblemail/-/blob/master/pytest.ini
TSF/version.ini at master · Kaldaien/TSF - GitHub,https://github.com/Kaldaien/TSF/blob/master/version.ini
iracing/app.ini at master · rosskevin/iracing - GitHub,https://github.com/rosskevin/iracing/blob/master/app.ini
Other/Factorio - config/config.ini at master - Gitea,https://git.simonscode.org/Other/Factorio/src/branch/master/config/config.ini
EditorPerProjectUserSettings.ini 28.2 KB - Config - Digital Logic Ltd,https://www.d-logic.com/code/ginst_public/ginst_ios/blob/0f0ca0f85aa695cff09aedb577800d1e6f96281e/Intermediate/Config/CoalescedSourceConfigs/EditorPerProjectUserSettings.ini
linux find php.ini Code Example - Code Grepper,https://www.codegrepper.com/code-examples/php/linux%2Bfind%2Bphp.ini
ubuntu 20.04 php.ini Code Example,https://www.codegrepper.com/code-examples/php/ubuntu%2B20.04%2Bphp.ini
Proyecto_graminea 4.26/Config ... - GitLab,https://gitlab.unraf.edu.ar/labux/simulacion-pulverizacion-ambiental/-/blob/6ed3f0ef35896bfd55be0d779ec3a663c356310b/Proyecto_graminea%25204.26/Config/DefaultEditorPerProjectUserSettings.ini
giers10/fluid_gender_ue4: Tackling gender and hermaphrodites ...,https://giers10.uber.space/giers10/fluid_gender_ue4/src/commit/bfa1397d5e1c22009f0fb90047e898f49437ecfb/Intermediate/Config/CoalescedSourceConfigs/EditorPerProjectUserSettings.ini%3Flang%3Dfr-FR
Version: v5.26.170306 ; Application Cleaning file ; ; Notes ; # of ...,https://raw.githubusercontent.com/MoscaDotTo/Winapp2/da7841101017e393c5a858cbde52a78063b30545/Winapp2.ini
