[DOC] Gradation of Theft Offenses - NJ Courts,https://www.njcourts.gov/attorneys/assets/criminalcharges/theft001.doc
[DOC] CONSTRUCTION SPECIFICATION,https://www.nrcs.usda.gov/Internet/FSE_DOCUMENTS/nrcs144p2_034920.doc
[DOC] In Place Gradation Sampling - Ohio Department of Transportation,https://www.dot.state.oh.us/Divisions/ConstructionMgt/Specs%2520and%2520Notes%2520for%25202008/1090_04182008%2520for%25202008.doc
[DOC] P-209: Crushed Aggregate Base Course,https://dot.alaska.gov/stwddes/dcsspecs/assets/docs/aptspecs/P209.doc
[DOC] item p-299 aggregate surface course,https://dot.alaska.gov/stwddes/dcsspecs/assets/docs/aptspecs/P299.doc
[DOC] ITEM P-209 CRUSHED AGGREGATE BASE COURSE,https://www.modot.org/media/13645
[DOC] SUPERPAVE ASPHALT CONCRETE - FDOT,https://www.fdot.gov/docs/default-source/content-docs/programmanagement/implemented/lap/archives/greenbook/d334_121903.doc
[DOC] SECTION 331 - FDOT,https://www.fdot.gov/docs/default-source/content-docs/programmanagement/implemented/lap/archives/greenbook/d331.doc
[DOC] aggregate subgrade improvement (bde),https://apps.dot.illinois.gov/eplan/desenv/110813/DistrictStandardsForWebsite/District%25205/D5SpecialProvisions/Active/80274.doc
[DOC] 321123 - Aggregate Base Course - Port of Portland,https://cdn.portofportland.com/eng-specs-gdline/321123mt.doc
[DOC] ITEM P-209,http://www.dot.state.ak.us/stwddes/dcsspecs/assets/docs/aptspecs/metric/p209_0601.doc
[DOC] procedure for control of stone filling & rip rap items,https://www.dot.ny.gov/divisions/engineering/technical-services/technical-services-repository/GCP-14.doc
[DOC] TWO WAY MEMO STANDARD - Town of Leesburg,https://www.leesburgva.gov/home/showpublisheddocument/9066/635477178326200000
"[DOC] “Nature would not employ gradation in one instance only, but would ...",http://debbiejlee.com/ageofwonder/joellepaper.doc
[DOC] GENERAL CONDITIONS - Nebraska Department of Transportation,https://dot.nebraska.gov/media/6951/c4-crushed-concrete-foundation-course.doc
[DOC] REVIEW OF NEW SPECIFICATION OR SPECIFICATION CHANGE,https://www.codot.gov/business/designsupport/cdot-construction-specifications/2005-construction-specs/work-sheets/403smap
[DOC] https://www.odot.org/materials/pdfs-mcpubs/L_fltr_...,https://www.odot.org/materials/pdfs-mcpubs/L_fltr_blnkt.doc
[DOC] DT1348 Sieve Analysis for Mixture of Fine and Coarse Aggregates,https://wisconsindot.gov/Documents/formdocs/dt1348.doc
[DOC] S-1,http://www.dot.state.mn.us/materials/bituminousdocs/Special_Provisions/2008/2008-sp2005-142.1-aft.doc
