[DOC] Download - Krest Technology,http://kresttechnology.com/krest-academic-projects/krest-mca-ms-projects/mca-ms-java-abstracts/MobileComputing/8.A%2520Policy%2520Enforcing%2520Mechanism%2520for%2520Trusted%2520Ad%2520Hoc%2520Networks.docx
[DOC] User Request Form Instructions - NOAA Star,https://www.star.nesdis.noaa.gov/jpss/documents/Templates/User%2520Request%2520Form%2520template.docx
[DOC] Performance Evaluation of Multi Point Bore Well Systems in Coastal ...,https://archive.airo.co.in/paper/upload/paper/2016101455Multipel%2520well%2520point%2520system.docx
[DOC] RUSSIAN FEDERATION,https://khabmeteo.ru/incoming/Report%2520GSODP2019%2520KHABAROVSK.doc
[DOC] PRISON BOWL XII: DANIEL TOLD US NOT TO HAVE A SUBTITLE ...,https://quizbowlpackets.com/2277/Packet%25206.docx
[DOC] GSAC XXII Round 4.docx - High School Quizbowl Packet Archive,http://www.quizbowlpackets.com/752/GSAC%2520XXII%2520Round%25204.docx
[DOC] II. Respuesta del Sujeto Obligado - Infoem,https://www.infoem.org.mx/doc/versionesPublicas/saimex/recurso//2022/9edc2f1ed5eeff87f30c3576c96468f2.docx
[DOC] Société d'Application des Techniques de la Menuiserie Émilie ROY ...,https://www.satem-menuiserie.fr/wp-content/uploads/2016/02/logo-mail.docx
[DOC] özgeçmiş - Siirt Üniversitesi,http://www.siirt.edu.tr/dosya/personel/2017222135734641.docx
[DOC] Article 1: Establishment of the ASEAN Centre for Biodiversity,https://cil.nus.edu.sg/wp-content/uploads/2019/02/2005-Agreement-on-the-Establishment-of-the-ASEAN-Centre-for-Biodiversity-1-1.docx
