[PS] 12- Woman- Hijab- 1.eps - VektorArsivi.com,http://vektorarsivi.com/images/2016/dd-1743.eps
[PS] 1 BAB I PENDAHULUAN 1.1 Latar Belakang Masih ... - Library Binus,http://library.binus.ac.id/eColls/eThesisdoc/Bab1PS/2014-2-02094-DS%2520Bab1001.ps
[PS] Generalizations of the Bargmann Transform - LSU Math,https://www.math.lsu.edu/preprint/1996/go963.ps
[PS] Necessary and Su cient Conditions for Nonlinear Worst Case (H 1 ...,https://scholar.lib.vt.edu/ejournals/JMSEC/v4n4/92624.ps
[PS] Quenched Large Deviations for one dimensional Nonlinear Filtering,https://cims.nyu.edu/~zeitouni/ps/new-ep-ozrrevfinal.ps
[PS] Risk Sensitive and Robust Nonlinear Filtering,http://maeresearch.ucsd.edu/mceneaney/pubs/filcdc36.ps
[PS] Contents 1. Introduction - UT Math,https://web.ma.utexas.edu/mp_arc/c/00/00-260.ps.gz
[PS] A Bibliography of Publications in American Mathematical Monthly ...,ftp://ftp.math.utah.edu/pub/tex/bib/amermathmonthly1990.ps.gz
[PS] ANALYTIC CONTINUATION IN REPRESENTATION THEORY AND ...,https://www.emis.de/journals/SC/2000/4/ps/smf_sem-cong_4_201-233.ps.gz
[PS] Quenched Large Deviations for one dimensional Nonlinear Filtering,https://www.wisdom.weizmann.ac.il/~zeitouni/ps/new-ep-ozrrevfinal.ps
[PS] A Complete Bibliography of Publications in American Mathematical ...,http://ftp.math.utah.edu/pub/tex/bib/amermathmonthly2000.ps.gz
[PS] QUANTUM MECHANICS IN PHASE SPACE 1. History and ...,http://kleine.mat.uniroma3.it/c/97/97-200.ps.gz
[PS] kakak tudung.eps - Icon Ape,https://iconape.com/wp-content/files/yj/297559/eps/wanita-tudung-hijab-seeklogo.com.eps
[PS] A RELAXATION THEOREM FOR PARTIALLY OBSERVED ...,http://www.discuss.wmie.uz.zgora.pl/php/discuss3.php%3Fip%3D%26url%3Dps%26nIdA%3D18237%26nIdSesji%3D-1
[PS] дблдfi£ ¤ е  “д' к“ § ел ¤ ¥ е› ¤ « ›  е ª в›е›д ¢ б   “ ›   fl fi   ›   ¢,http://num-anal.srcc.msu.ru/list_wrk/ps/b3.ps
[PS] Oman Report∗ Courses Taught at MECIT -.:: GEOCITIES.ws ::.,http://www.geocities.ws/rohelakhan/oman-report.ps
[PS] Euler (1707-1783) — 數ç的j=比=,http://w3.math.sinica.edu.tw/math_media/d262/26205.ps
