[PPT] Download Figures (PPT) - Multiple Sclerosis and Related Disorders,https://www.msard-journal.com/article/S2211-0348(21)00488-0/ppt
[PPT] Thank You,https://journals.lww.com/nuclearmed/fulltext/2011/04000/Incidence_of_Second_Primary_Malignancies_During_a.2.aspx%3FPpt%3DArticle%257Cnuclearmed:2011:04000:00002%257C10.1097/rlu.0b013e31820a9fe3%257C
[PPT] Thank You,https://journals.lww.com/jneuro-ophthalmology/Fulltext/2016/06000/Retinal_Ganglion_Cell_Loss_Precedes_Retinal_Nerve.7.aspx%3FPpt%3DArticle%257Cjneuro-ophthalmology:2016:06000:00007%257C10.1097/wno.0000000000000345%257C
[PPT] Download Figures (PPT) - jaapos.,https://www.jaapos.org/article/S1091-8531(09)00417-0/ppt
[PPT] The global burden of non-typhoidal salmonella invasive disease,https://www.thelancet.com/journals/laninf/article/PIIS1473-3099(19)30418-9/ppt
[PPT] Systemic Determinants of Peripapillary Vessel Density in Healthy ...,https://www.ajo.com/article/S0002-9394(19)30282-X/ppt
[PPT] Download Figures (PPT) - American Journal of Ophthalmology,https://www.ajo.com/article/S0002-9394(18)30197-1/ppt
[PPT] Custom Hardware for Low-Power Processing Carl Grace - LBNL,https://indico.fnal.gov/event/44698/contributions/192921/attachments/132145/162223/Low-Power_Processing_-_Carl_Grace.pptx
[PPT] Housing Fiance - State Bank of Pakistan,http://www.sbp.org.pk/ihfd/Training_Presentations/Nov/Loan_Documentation.pptx
[PPT] Slide 1,https://mominamateen.files.wordpress.com/2011/09/salaah-1-fard-units.ppsx
[PPT] 슬라이드 1,https://test.krila.re.kr/download/press/4
[PPT] JIHAD IN THE CAUSE OF ALLAH (2) - WordPress.com,https://islamicstudiesbymuqith.files.wordpress.com/2020/03/lesson-4-jihad-in-the-cause-of-allah-2.pptx
[PPT] pray - WordPress.com,https://muqithfiles.files.wordpress.com/2020/11/rehana_gr.4-sunan-rawatib.pptx
[PPT] Download Figures (PPT) - International Journal of Cardiology,https://www.internationaljournalofcardiology.com/article/S0167-5273(07)01198-9/ppt
[PPT] Three-Dimensional Inferior Vena Cava for Assessing Central ...,https://www.onlinejase.com/article/S0894-7317(18)30182-2/ppt
[PPT] Download Figures (PPT) - Journal of the American Society of ...,https://www.onlinejase.com/article/S0894-7317(99)70166-5/ppt
[PPT] Download Figures (PPT) - Chest Journal - American College of ...,https://journal.chestnet.org/article/S0012-3692(21)01084-9/ppt
[PPT] Oligodendrocytes Provide Antioxidant Defense Function for Neurons ...,https://www.cell.com/cell-metabolism/ppt/S1550-4131(20)30300-4.ppt
"[PPT] Download Figures (PPT) - Nutrition, Metabolism and Cardiovascular ...",https://www.nmcd-journal.com/article/S0939-4753(21)00129-0/ppt
[PPT] Presentación de PowerPoint - Ministerio de Defensa de República ...,https://mide.gob.do/wp-content/uploads/2021/08/Presentacion-de-evaluacion-de-desempeno.pptx
[PPT] Wound healing around and within saphenous vein bypass grafts ...,https://www.jtcvs.org/article/S0022-5223(97)70115-6/ppt
[PPT] Download Figures (PPT) - American Journal of Obstetrics ...,https://www.ajog.org/article/S0002-9378(20)31463-0/ppt
[PPT] Download Figures (PPT) - HPB,https://www.hpbonline.org/article/S1365-182X(21)00046-0/ppt
[PPT] Download Figures (PPT) - American Journal of Cardiology,https://www.ajconline.org/article/S0002-9149(11)03534-X/ppt
"[PPT] Relationship between body mass index, risk of venous ...",https://www.thrombosisresearch.com/article/S0049-3848(20)30186-9/ppt
[PPT] Emerging group answer,https://muqith.files.wordpress.com/2018/04/gr-8-umrah-rules-written-work.pptx
[PPT] Circulating microRNAs differentiate Kawasaki Disease from ...,https://www.jmcc-online.com/article/S0022-2828(20)30222-4/ppt
[PPT] Download Figures (PPT) - International Journal of Infectious Diseases,https://www.ijidonline.com/article/S1201-9712(10)00511-4/ppt
[PPT] Thiamine and Heart Failure,https://www.mcpiqojournal.org/article/S2542-4548(19)30034-7/ppt
[PPT] Download Figures (PPT) - Clinical Epidemiology and Global Health,https://cegh.net/article/S2213-3984(17)30134-3/ppt
[PPT] Association of ischemia-modified albumin and melatonin in patients ...,https://www.atherosclerosis-journal.com/article/S0021-9150(07)00674-0/ppt
[PPT] Download Figures (PPT) - Atherosclerosis,https://www.atherosclerosis-journal.com/article/S0021-9150(08)00530-3/ppt
[PPT] Circulating microRNA as a biomarker for recovery in pediatric ...,https://www.jhltonline.org/article/S1053-2498(15)01022-0/ppt
[PPT] The Hyaluronan Receptors CD44 and Rhamm (CD168) Form ...,https://www.jbc.org/article/S0021-9258(20)64984-5/ppt
[PPT] “Seeking knowledge is a duty upon every Muslim.” (ibn Maajah),http://e-masjid.jais.gov.my/uploads/uploads/Jom%2520Kuliah%252020.04.2018%2520english.ppsx
[PPT] Antipsychotics and the Risk of Cerebrovascular Accident - JAMDA,https://www.jamda.com/article/S1525-8610(17)30129-9/ppt
[PPT] Download Figures (PPT) - Journal of Neuroimmunology,https://www.jni-journal.com/article/S0165-5728(21)00167-3/ppt
[PPT] Post Traumatic Stress Disorder Is Associated with Increased ...,https://www.onlinejcf.com/article/S1071-9164(11)00468-4/ppt
[PPT] Deloitte PowerPoint template,https://darpg.gov.in/sites/default/files/Session%25208_punjab.pptx
[PPT] Download Figures (PPT) - Clinical Imaging,https://www.clinicalimaging.org/article/S0899-7071(20)30436-8/ppt
