[PPT] No Slide Title,https://www.uvm.edu/rsenr/rm230/world_systems_lecture.ppt
[PPT] 'Improve Safety' 'Big Society' - ICAO,https://www.icao.int/safety/fatiguemanagement/FRMS2011/PRESENTATIONS/10D%2520-%2520Rob%2520Holliday.ppt
[PPT] Media coverage of foreign policy,https://people.clas.ufl.edu/rosenson/files/mpf20202.ppt
[PPT] Media coverage of foreign policy,https://people.clas.ufl.edu/rosenson/files/mediaapril5.ppt
[PPT] Feudalism,http://www.panthercountry.org/userfiles/245/Classes/292/Middle%2520Ages.ppt
[PPT] Language Analysis - ENGLISH WITH MR SOMMERS,http://mrsommersenglish.weebly.com/uploads/2/6/3/0/26301392/language_techniques_2.ppt
"[PPT] Concordances, collocations and connotation",https://personalpages.manchester.ac.uk/staff/harold.somers/LELA30922/Collocation.ppt
[PPT] The Future of Death - Terasem Movement Foundation,https://www.terasemmovementfoundation.com/philop_files/Hughes.ppt
[PPT] NoiseOFF,https://www.noiseoff.org/media/noise.pollution.presentation.ppt
[PPT] Mussolini's Italy - The British Empire,https://www.britishempire.co.uk/boniface/humanities/history/year13/mussolini.ppt
[PPT] “Ethnicity and the Challenge of National Cohesion and Governance ...,http://www.jkuatcu.org/wp-content/uploads/2016/11/Ethnicity-Challenge-to-Christian-Mission_Prof.-Galgalo.ppt
[PPT] PowerPoint Presentation - ICPC,http://icpc.gov.ng/wp-content/uploads/downloads/2015/11/Ebenezer-Shogunle-ICPC-and-Youths.ppt
[PPT] Do liberals need a separate political platform? - India Policy Institute,http://indiapolicy.org/workshop/Strategy.ppt
[PPT] PowerPoint Presentation - David Louis Levine,http://www.davidlouislevine.com/math_history_files/Solving%2520Equations.ppt
"[PPT] Introduction to Transhumanism - Terasem Movement, Inc.",https://www.terasemcentral.org/articles/gn/GN1/Hughes-GN1.ppt
