Ghost.Adventures.S22E00.Cecil.Hotel.720p.WEB.h264 ... - BTDigg,https://www.btdig.com/1baf4bd9c177d5edc854b6f3458e7bc4cebd8bbb/ghost.adventures.s22e00.cecil.hotel.720p.web.h264%3Dcaffeine%5Beztv.re%5D.mkv
Ghost.Adventures.S22E01.Ghost.Train.of.Ely.720p.HEVC ... - BTDigg,https://www.btdig.com/7125d7ac4c3079f2673a43620d74ea939da3c3f0/ghost.adventures.s22e01.ghost.train.of.ely.720p.hevc.x265%3Dmegusta%5Beztv.re%5D.mkv
"Download 3.Idiots.2010.mHD.BluRay.x264-EPiK.mkv , 3 Chàng ...",https://4share.vn/f/4b7d7a7c797d7b7d/3.Idiots.2010.mHD.BluRay.x264-EPiK.mkv
Picnic.at.Hanging.Rock.1975.1080p.BluRay.x264.mkv ... - Chomikuj,https://chomikuj.pl/kiperr/Filmy/1975/Picnic.at.Hanging.Rock.1975.1080p.BluRay.x264.mkv
