Bob.Hearts.Abishola.S02E14.A.Tough.Old.Bird.720p.WEBRip.2CH ...,https://btdig.com/a73218cdfd49b9e3f8006e648656a56b265f0da7/bob.hearts.abishola.s02e14.a.tough.old.bird.720p.webrip.2ch.x265.hevc%3Dpsa.mkv
Bob.Hearts.Abishola.S03E02.Bowango.720p.WEBRip ... - BTDigg,https://btdig.com/4a12ba38fc81c537f7a611de5aaed8551ff9854e/bob.hearts.abishola.s03e02.bowango.720p.webrip.2ch.x265.hevc%3Dpsa.mkv
