[XLS] Sheet1 - Virginia Department of Education,https://www.doe.virginia.gov/info_management/data_collection/instruction/career_tech/cte_credentials/record_format_for_credentialing_application.xls
[XLS] Table A3 - National Center for Education Statistics,https://nces.ed.gov/surveys/ctes/xls/A3.xls
[XLS] Sheet1 A B C D 1 Investigator (faculty/staff [employee ...,https://louisville.edu/hsc/research/tools/limited-credentialing/credentialingcheckform911.xls
[XLS] Credentials Worksheet,https://acbsp.org/resource/collection/EB5F486D-441E-4156-9991-00D6C3A44ED1/Copy_of_Credential_Worksheet_Template_083112.xls
[XLS] coastal_CHX_S_617983 - YangMing Marine Transport Corp.,https://o-www.yangming.com/e-service/schedule/LongtermScheduleDetail.aspx%3Fftype%3DC%26svc%3DCHX%26dtn%3DS
[XLS] Outside Forms-12-2010,https://www.scusd.edu/sites/main/files/file-attachments/copy_of_external_hr_forms-revised-xi.xls
[XLS] Math CFCC Applicant Summary - California Department of Education,https://www.cde.ca.gov/be/cc/cd/documents/may2012item12d4att11.xls
[XLS] Sheet1 - NH.gov,http://www.nh.gov/safety/divisions/fstems/ems/documents/traumaassessmentworksheet.xls
[XLS] RFP Requirements Checklist - SEMCA,http://www.semca.org/EMRS/RFP%2520Requirements%2520Checklist.xls
[XLS] Faculty Credential Verification Checklist - Nicholls State University,https://www.nicholls.edu/human-resources/wp-content/uploads/sites/42/2007/11/faculty-verification-form.xls
