"[PPT] And fill me from the crown to the toe, top full of direst cruelty ...",https://www.bournvilleschool.org/wp-content/uploads/2018/04/Mac-4.-How-to-write-about-character-and-characterisation.pptx
[PPT] Macbeth - Schudio,https://files.schudio.com/mayfield-school/files/documents/EnglishRevision/Macbeth_Revision_Year11_2019.pptx
[PPT] Macbeth,http://www.nhsd.k12.wi.us/faculty/donnaheus/ape/Macbeth.pptx
[PPT] How to Write a Strong Essay,https://schoolwires.henry.k12.ga.us/cms/lib/GA01000549/Centricity/Domain/6270/How%2520to%2520Write%2520an%2520Essay%2520PP.pptx
[PPT] PROLOG ITEM WRITING WORKSHOP - Valencia College,https://valenciacollege.edu/academics/academic-affairs/learning-assessment/documents/mcqpresentationitem_writing_valenciadowning101014.pptx
[PPT] Macbeth Elizabethan World View – the Great Chain of Being,http://www.fortbendisd.com/cms/lib09/TX01917858/Centricity/Domain/4011/MACBETH%2520Chambers.pptx
[PPT] PowerPoint Presentation,http://www.carman.k12.mi.us/cms/lib3/MI01000184/Centricity/Domain/432/Surface%2520Ocean%2520Currents.pptx
[PPT] lesson 5 – lady macbeth ambition essay - St Joseph's English Blog,https://stjosephsenglishblog.files.wordpress.com/2019/01/lesson-5-lady-macbeth-ambition-essay.pptx
[PPT] BUREAUCRACY - Lemon Bay High School,http://www.lemonbayhigh.com/docs/uploads/CasaleJ/BUREAUCRACY1.pptx
[PPT] Title: Lady Macbeth- Act 1 scenes 5 and 6 patriarchy (noun),https://www.astreadearne.org/wp-content/uploads/2021/04/Lesson-1-Lady-Macbeth.pptx
