https://ufdcimages.uflib.ufl.edu/AA/00/07/08/02/00...,https://ufdcimages.uflib.ufl.edu/AA/00/07/08/02/00001/00032.txt
"Full text of ""Freshwater sponges from the Northern Territory (Porifera ...",https://archive.org/stream/biostor-86149/biostor-86149_djvu.txt
Comparative Genomics Provides Insight into the Function of Broad ...,https://europepmc.org/articles/pmc8546597/bin/mbio.01577-21-st002.txt
"Diversity, host-specificity and stability of sponge-associated fungal ...",https://europepmc.org/articles/pmc5991299/bin/peerj-06-4965-s002.txt
[PDF] Chemical defence in sponges,https://dipot.ulb.ac.be/dspace/bitstream/2013/95113/6/d8f11907-41e9-4f89-85ed-158ba60581d0.txt
0903865.txt - Veterans Affairs,http://www.va.gov/vetapp09/files1/0903865.txt
0915121.txt - Veterans Affairs,http://www.va.gov/vetapp09/files2/0915121.txt
https://www.sec.gov/Archives/edgar/data/748270/000...,https://www.sec.gov/Archives/edgar/data/748270/000088981200002954/0000889812-00-002954-0001.txt
05.ARG_CHAPTER_4.pdf.txt,http://www.tdx.cat/bitstream/10803/845/19/05.ARG_CHAPTER_4.pdf.txt
