[XLS] MasterWorksheetFY14 9076 Charge,http://www.andersonpd.com/wp-content/uploads/2018/09/FY14-Court-Docket.xlsx
[XLS] Workpaper in Support of Proposed Order - IURC Online Services ...,https://iurc.portal.in.gov/_entity/sharepointdocumentlocation/7259174b-bc47-ec11-8c62-001dd80293d0/bb9c6bba-fd52-45ad-8e64-a444aef13c39%3Ffile%3DWorkpaper%2520in%2520Support%2520of%2520Proposed%2520Order%2520(111621).xlsx
[XLS] Product Links - Rite Aid Supplier Portal,https://raportal.riteaid.com/vn/VNBULLETIN/VNBULLETIN.ASHX%3FDocID%3D15206
"[XLS] New Report - Rosenberg, TX",https://www.rosenbergtx.gov/DocumentCenter/View/1785
[XLS] Waco Loss Run as of 5-31-15,http://www.waco-texas.com/userfiles/cms-root/file/Purchasing%25202015/Waco%2520Loss%2520Run%2520%2520as%2520of%25205-31-15.xlsx
[XLS] CQI16013 - WMATA,https://www.wmata.com/business/procurement/solicitations/documents/CQI16013%2520Price%2520Sheet%2520revised%2520per%2520amendment%25201.xlsx
[XLS] Sheet1 A B C D 1 ***Please note that the info below is subject to ...,https://thehacc.org/wp-content/uploads/2020/03/Suburban-School-Meal-Plans-COVID19.xlsx
[XLS] DeficiencyData - dco.uscg.mil,https://www.dco.uscg.mil/Portals/9/DCO%2520Documents/5p/CG-5PC/CG-CVC/Guidance/MISLEDefs/U.S.C.G-DeficiencyData%25202018%2520.xlsx%3F
[XLS] Changes from OIICS 2.01,https://www.bls.gov/iif/oshsoiics-3-source-coding.xlsx
[XLS] Sheet1 - FOX 8 News,https://fox8.com/wp-content/uploads/sites/12/2020/06/CCBH-complaint-response-listing-6.17.20.xlsx
