[PPT] PowerPoint - Redeemer Church Colchester,https://redeemerchurchcolchester.org/s/Be-strong-and-do-it-Vision-Sunday-PowerPoint-Hugh-Pearce-13th-March-2022.pptx
[PPT] Let Your Voice be Heard - National Park Service,https://www.nps.gov/common/uploads/teachers/lessonplans/LetYourVoicebeHeard.pptx
[PPT] Chare (2004) labels the resistance of female bodybuilders against ...,https://www.reading.ac.uk/nmsruntime/saveasdialog.aspx%3FlID%3D132808%26sID%3D247715
[PPT] PowerPoint Presentation,https://www.cpbc.org/s/Believe.pptx
[PPT] Powerpoint Presentation for Grade 8,https://www.scusd.edu/sites/main/files/file-attachments/scusd_grades_8_teachers_12.13.13.pptx
[PPT] Creating Connection for Undocumented Students in Higher Education,https://www.washington.edu/uaa/advising/ccuw/archives/2018/Breakout%25202/Creating%2520Connection%2520for%2520Undocumented%2520Students%2520in%2520Higher%2520Education.pptx
[PPT] City of Portland Police Accountability Commission,https://www.portland.gov/sites/default/files/2022/pac-06-30-2022-meeting-slides.pptx
[PPT] PowerPoint Presentation - Rackcdn.com,https://87f8a05ac9328f72041d-7ac640f2d604c0364f45df0fde032ea5.ssl.cf2.rackcdn.com/uploaded/w/0e7672638_1534094330_wholehearted-gratitude-ppt.pptx
[PPT] slideshow - All Peoples Church,https://apcwo.org/apc/resources/sermons/slides/2020-09-06-Knowing-God-Intimately-Ps-Ashish-Raichur.pptx
[PPT] Models of Church,https://www.smp.org/dynamicmedia/files/c864d095060e355b6276a3024248b61e/TX001504_3-PowerPoint-Models_of_Church.pptx
