Gospel Fellowship Church - Sermon Audio,http://www.sermonaudio.com/rss_source.rss%3Fsourceid%3Dgfc1%26filter%3Dmp3
Skyrim Book Club - Buzzsprout,https://feeds.buzzsprout.com/289738.rss
Greenbelt Baptist Church's Podcast - Buzzsprout,https://feeds.buzzsprout.com/18448.rss
Fireside Mystery Theatre - Spreaker,https://audioboom.com/channels/4297706.rss
The Atlas Obscura Podcast - Simplecast,https://omny.fm/shows/the-atlas-obscura-podcast/playlists/podcast.rss
Walk With Me - Devotionals - Yet Another Sermon Host,https://yetanothersermon.host/_/walkwithme/feed.rss
The Slowdown - American Public Media,https://feeds.publicradio.org/public_feeds/the-slowdown/rss/rss.rss
The Fathership Project - Anchor,http://feeds.soundcloud.com/users/soundcloud:users:283575979/sounds.rss
Beth in Israel,https://bethcrosby.com/blogs/beth-in-israel.rss
Latest Seal Podcast Episodes,https://pod.casts.io/topics/seal/new-episodes.rss
Tabletop Audio,http://bcwkly.com/ta.rss
Karl and Crew Mornings,https://www.omnycontent.com/d/playlist/a8cdbf10-d816-4c77-9e79-aa1c012547e1/3bb01ead-43da-4fd6-a4cd-abab01645257/e7876cd5-1478-4ea4-87ea-abab0164526e/podcast.rss
Father Simon Says,https://www.omnycontent.com/d/playlist/134e18ca-7af8-403f-a7eb-ad7f01861f48/0af98cb5-6484-4e11-a791-adf0015aa9b6/2e62f887-a693-42e6-a627-adf0015aa9c4/podcast.rss
