[PPT] Recognizing a Closed Abdominal Injury,http://www.boone.k12.ky.us/userfiles/535/Classes/17876/13_chestabd.ppt%3Fid%3D544081
[PPT] The Respiratory System,https://www.pps.net/cms/lib/OR01913224/Centricity/Domain/3248/Respiratory%2520System.ppt
"[PPT] Slips, Trips & Falls",https://www.osha.gov/sites/default/files/2018-12/fy07_sh-16625-07_slipstripsfalls.ppt
[PPT] Humane Handling Basics - Food Safety and Inspection Service,https://www.fsis.usda.gov/sites/default/files/media_file/2021-07/Humane-Handling-Basics-PowerPoint-Version-20210326.ppt
[PPT] AccessibilityPowerpoint.2016 - New Hampshire Secretary of State,https://sos.nh.gov/media/abmndzwi/accessibilitypowerpoint-2016.ppt
[PPT] Territorial Morphology,https://www.birdvilleschools.net/cms/lib/TX01000797/Centricity/Domain/81/territorial_morphology.ppt
[PPT] Forensic Anthropology,http://www.bville.org/tfiles/folder2701/HBS%2520Forensic%2520Anthropology%2520Presentation%2520for%2520lab%2520(1).ppt
[PPT] Poultry Judging Ready–to–Cook Carcasses - UGA Extension,https://extension.uga.edu/content/dam/extension-county-offices/fayette-county/4h/competitions/poultry-judging-materials/powerpoints/Ready%2520To%2520Cook.ppt
[PPT] Grading Poultry Carcasses - Georgia FFA,http://georgiaffa.org/curriculum/getfile.ashx%3FID%3D2797
[PPT] Guided Notes for the Central Nervous System,https://www.wsfcs.k12.nc.us/cms/lib/NC01001395/Centricity/Domain/1192/Guided%2520Notes%2520for%2520the%2520Central%2520Nervous%2520System.ppt
