[PDF] Georgia - The Situation of the Kist Community and the Chechens,https://www.justice.gov/eoir/page/file/1309611/download
The Scots in New Zealand by Brad Patterson et al. (review),https://muse.jhu.edu/article/632832/pdf
Unpacking the Kists: The Scots in New Zealand by Brad Patterson ...,https://muse.jhu.edu/article/588610/pdf
[PDF] Kist Livestock Auction - Weighted Average Report - USDA,https://www.ams.usda.gov/mnreports/AMS_2097.pdf
Note upon the Opening of a Kist of the Stone-Age upon the ... - jstor,https://www.jstor.org/stable/3025195
Unpacking the Kists: The Scots in New Zealand,http://www.tandfonline.com/doi/pdf/10.1080/1031461X.2015.992839%3FneedAccess%3Dtrue
[PDF] The Scots in New Zealand - University of Aberdeen,https://www.abdn.ac.uk/riiss/content-images/Harper_M_TheScotsInNewZealand.pdf
[PDF] UNDERSTANDING WHY YOUTH FIGHT IN THE MIDDLE EAST,https://www.unwomen.org/sites/default/files/Headquarters/Attachments/Sections/Library/Publications/2019/Understanding-why-youth-fight-in-the-Middle-East-en.pdf
[PDF] kist community in the pankisi gorge: a durkheimian study of social ...,https://etd.lib.metu.edu.tr/upload/12625454/index.pdf
[PDF] “Global” and “Local” Islam in the Pankisi Gorge,https://src-h.slav.hokudai.ac.jp/coe21/publish/no14_ses/10_sanikidze.pdf
[PDF] Unpacking the Kists: The Scots in New Zealand,https://ojs.victoria.ac.nz/jnzs/article/download/2093/1924/2750
[PDF] Minority Languages in Georgia - The Council of Europe,https://www.coe.int/t/dg4/education/minlang/AboutCharter/Minority%2520languages%2520in%2520Georgia_EN.pdf
[PDF] The New Hoard - Southern Upland Way,https://www.southernuplandway.gov.uk/wp-content/uploads/2019/07/hoard-leaflet-suw.pdf
[PDF] Georgia - Complaint Mechanisms for the Kist Community - ecoi.net,https://www.ecoi.net/en/file/local/2042361/Georgienrapport_2020.pdf
[PDF] 1 eorgia - ecoi.net,https://www.ecoi.net/en/file/local/2010020/144802.pdf
[PDF] Kists Facing Language Policy in Georgia - Globalization 2013 ...,https://globalization.osu.cz/publ2011/292-302_Sedlarova.pdf
[PDF] NOTICE OF FURTHER STONE KISTS FOUND AT BROOMEND ...,http://journals.socantscot.org/index.php/psas/article/download/5317/5290
[PDF] HOW EXTREME ARE THE EXTREMISTS? PANKISI GORGE AS A ...,https://www.fpri.org/docs/cecire_-_extremists_pankisi_case_study.pdf
[PDF] Georgia's Pankisi Gorge: An Ethnographic Survey - eScholarship,https://escholarship.org/content/qt64d7v9hj/qt64d7v9hj_noSplash_cf19e4cbb452f4d4ab0cb2b5c98d20cb.pdf
"[PDF] GOLD KIST, INC. - Investors - Pilgrim's",https://ir.pilgrims.com/static-files/cc3c4a4e-56c7-46b2-a57d-33993e49f999
[PDF] competing islamic traditions in the caucasus,https://d-nb.info/993996272/34
[PDF] Islamic revival in Georgian – Chechen border Area - Bergen Open ...,https://bora.uib.no/bora-xmlui/bitstream/handle/1956/8608/122835864.pdf%3Fsequence%3D1%26isAllowed%3Dy
[PDF] EN/COUNTERING STIGMA OF TERRORISM: THE CASE OF PANKISI,https://fellows.eapcivilsociety.eu/wp-content/uploads/2018/07/Research-Report-2018_Mariam-Amashukeli.pdf
[PDF] How Extreme are the Extremists? Pankisi Gorge as a Case Study,https://www.files.ethz.ch/isn/193079/cecire_-_extremists_pankisi_case_study.pdf
[PDF] Language policy in Georgia with focus on non-Georgian minorities,https://alppi.vedeckecasopisy.cz/publicFiles/00165.pdf
[PDF] GETTING MARRIED? - Kist Company,http://kistcompany.co.za/wp-content/uploads/2021/03/MARCH-2021.pdf
[PDF] North Dakota Simmental Association 2019 Annual Meeting,http://northdakotasimmental.com/pdf/2019/2019%2520Annual%2520Meeting%2520minutes.pdf
[PDF] STUDENT GUIDE FOR ACCESSING KIST EMAIL ACCOUNT_2.pdf,https://students.kist.ac.ke/docs/STUDENT%2520GUIDE%2520FOR%2520ACCESSING%2520KIST%2520EMAIL%2520ACCOUNT_2.pdf
NOTE OF FIVE KISTS FOUND UNDER A TUMULUS ON THE ...,https://kyle-of-sutherland-heritage.org.uk/wp-content/uploads/2019/02/NOTE-OF-5-KISTS-FOUND-UNDER-A-TUMULUS-ON-THE-GLEBE-IN-THE-PARISH-OF-EDDERTOUN.pdf
[PDF] Keeping Money Safe: Further Activities - Museum on the Mound,https://museumonthemound.com/sites/default/files/Keeping%2520money%2520safe_further%2520activities.pdf
