Tiled download | SourceForge.net,https://qa.debian.org/watch/sf.php/tiled/Tiled-1.4.1-win64.msi
Microsoft Advertising SDK - Visual Studio Marketplace,https://visualstudiogallery.msdn.microsoft.com/345ed584-cc35-4ff0-bbcf-25b31515ae8d/file/258419/4/MicrosoftAdvertisingSDK.msi
Nova - Mod Environment - File Exchange - MATLAB Central,https://www.mathworks.in/matlabcentral/fileexchange/10146-nova-mod-environment/content/NovaMod.msi
Downloading vlc-3.0.8-win64.msi - of /videolan,https://get.videolan.org/vlc/3.0.8/win64/vlc-3.0.8-win64.msi
Soldier of Fortune 2 Multiplayer SDK - GameFront.com,https://gamefront.online/files/609649/sof2sdk-101.msi
PulseSecure.x64.msi - Biedatransfer,https://t.aa4.eu/PulseSecure.x64.msi%3Finfo
exfo otdr viewer.msi for Windows - UpdateStar.com,https://www.updatestar.com/topic/exfo%2520otdr%2520viewer.msi
Class OSPolicy.Resource.PackageResource.MSI (2.5.0),https://cloud.google.com/java/docs/reference/google-cloud-os-config/latest/com.google.cloud.osconfig.v1.OSPolicy.Resource.PackageResource.MSI
Category:File formats with extension .msi - Just Solve the File ...,http://fileformats.archiveteam.org/wiki/Category:File_formats_with_extension_.msi
KeePass-2.35.msi – Keybase.pub,https://keybase.pub/temp30a8f34030/Verified%2520Programs/KeePass/KeePass%2520v2.35%2520(new%2520DB%2520format)/KeePass-2.35.msi
What are the changes in PaperPort 8.2 Deluxe service pack?,https://nuance.custhelp.com/app/answers/detail/a_id/2293/kw/paperport%252011.msi
