Unfoldment Revealment Evolution Exposition Integration Arson.ogg ...,https://commons.wikimedia.org/wiki/File:Chris_Zabriskie_-_01_-_Unfoldment_Revealment_Evolution_Exposition_Integration_Arson.ogg
File:Day 2 Session 1 3 Continuous Deployment - Automated ...,https://commons.wikimedia.org/wiki/File:Day_2_Session_1_3_Continuous_Deployment_-_Automated_Integration_Testing.ogg
"Sary:de-Integration.ogg - Wikibolana, raki-bolana malalaka",https://mg.wiktionary.org/wiki/Sary:de-Integration.ogg
Datei:De-Integration.ogg – Wiktionary,https://de.m.wiktionary.org/wiki/Datei:De-Integration.ogg
Download OMLX from SourceForge.net,http://downloads.sourceforge.net/omlx/itwadi_Toolbox_1.ogg%3Fuse_mirror%3Dpuzzle
File:Anthem of Rîbnița (Transnistria) - Гимн Рыбницы.ogg,https://en.wikipedia.org/wiki/File:Anthem_of_R%25C3%25AEbni%25C8%259Ba_(Transnistria)_-_%25D0%2593%25D0%25B8%25D0%25BC%25D0%25BD_%25D0%25A0%25D1%258B%25D0%25B1%25D0%25BD%25D0%25B8%25D1%2586%25D1%258B.ogg
Datei:Schweizerdeutsch.ogg - Wikipedia,https://de.wikipedia.org/wiki/Datei:Schweizerdeutsch.ogg
Announcer/PROJECT | League of Legends Wiki | Fandom,http://leagueoflegends.wikia.com/wiki/File:Announcer_Female1_PROJECT_006.ogg
Mode Logo Design Skaber Google Play Review ASO - AppFollow,https://appfollow.io/android/mode-logo-design-skaber/com.Makeup.Artist.Logo.Design.Maker.OGG%3Fcountry%3Ddk
Mainz | Military Wiki | Fandom,https://military.wikia.org/wiki/File:De-Mainz.ogg
فائل:Goa 1955 invasion.ogv - آزاد دائرۃ المعارف، ویکیپیڈیا,https://ur.wikidark.org/wiki/%25D9%2581%25D8%25A7%25D8%25A6%25D9%2584:Goa_1955_invasion.ogg
