The.Expanse.S06E03.Force.Projection.2160p ... - OICU目录程序,https://one.oicu.bid/fshare/PT/TV/The.Expanse.S06E03.Force.Projection.2160p.AMZN.WEB-DL.DDP5.1.HDR.HEVC-MZABI.mkv%3Fpreview
Transforming absolute value to categorical choice in primate ...,https://europepmc.org/articles/pmc8184840/bin/41467_2021_23747_moesm4_esm.mkv
What Is Required for Neuronal Calcium Waves? A Numerical ...,https://europepmc.org/articles/pmc6045568/bin/13408_2018_64_moesm2_esm.mkv
Nassim Haramein Black Whole.mkv - Nassim Haramein ... - Chomikuj,"http://chomikuj.pl/pseudodionizy/*c5*9awiadomo*c5*9b*c4*87-Umys*c5*82-Duchowo*c5*9b*c4*87/%2BNassim%2BHaramein/Nassim%2BHaramein%2B-%2BBlack%2BWhole,968867498.mkv"
Lepiej być nie może (1997) PL.720p.miniHD.RM.mkv - 5.Dobre filmy ...,"http://chomikuj.pl/Jajco039/!%2Ba%2B07_04_14/5.Dobre%2Bfilmy%2B-%2Bnowe%2Bwrzuty%2B(miniHD.RM)/Lepiej%2Bby*c4*87%2Bnie%2Bmo*c5*bce%2B(1997)%2BPL.720p.miniHD.RM,3769410121.mkv"
恶作剧Mischief 1080P.mkv torrent - BTDigg,https://www.btdig.com/51c56022d1dbfbde0dac7493e47b57b34c32f0d6/%25E6%2581%25B6%25E4%25BD%259C%25E5%2589%25A7-mischief-1080p.mkv
Удивительный буги (Surprise Boogie) (WEBRip 1080p).mkv torrent,https://www.btdig.com/2a15c05123fe9399fde5f8dc5716efeaa69aeed6/%25D1%2583%25D0%25B4%25D0%25B8%25D0%25B2%25D0%25B8%25D1%2582%25D0%25B5%25D0%25BB%25D1%258C%25D0%25BD%25D1%258B%25D0%25B9-%25D0%25B1%25D1%2583%25D0%25B3%25D0%25B8-(surprise-boogie)-(webrip-1080p).mkv
