[PDF] FORESTER - Subaru,https://www.subaru.com/content/dam/subaru/downloads/pdf/brochures/2022/forester/2022_Forester_Brochure.pdf
[PDF] The Subaru Forester. The SUV for all you love.,https://www.subaru.com/content/dam/subaru/downloads/pdf/brochures/2021/forester/2021_Subaru_Forester_Brochure.pdf
[PDF] 2022 Subaru Forester,https://reprints.theygsgroup.com/cr/reprints/C108571-6_Eprint.pdf
[PDF] FORESTER - State of Michigan,https://www.michigan.gov/documents/FORESTER_12195_7.pdf
[PDF] Forester (GS-9) - USDA Forest Service,https://www.fs.usda.gov/Internet/FSE_DOCUMENTS/stelprdb5411452.pdf
[PDF] 2010 Subaru Forester,https://www.xr793.com/wp-content/uploads/2017/03/2010-Subaru-Forester.pdf
[PDF] FORESTER I - CA.gov,https://jobs.ca.gov/JOBSGEN/7FS0401.PDF
[PDF] Articles and Tips Dick Forester 'Pro' of the Year - Swing Improvement,https://www.swingimprovement.com/Portals/60/dickForresterAward.pdf
"[PDF] LIST OF APPROVED FORESTERS Pursuant to N.J.A.C. 7:3-2, the ...",https://www.nj.gov/dep/parksandforests/forest/docs/ACF.pdf
[PDF] OFTL Professional Forester Requirements (pdf) - Ohio Department ...,https://ohiodnr.gov/static/documents/forestry/factsheets/OFTL%2520Professional%2520Forester%2520Requirements.pdf
[PDF] Forestry Consultant Phone: 8144252098 Fax - Beaver County,http://www.beavercountypa.gov/Depts/AgriculturalLandPreservation/Documents/CERTIFIED-PA-FORESTERS.pdf
[PDF] Area Forester Directory - TN.gov,https://www.tn.gov/content/dam/tn/agriculture/documents/forestry/AgForAreaForesterMap.pdf
[PDF] Stewardship Forester List - Maine.gov,https://www.maine.gov/dacf/mfs/policy_management/wwi/stew_foresters_web.pdf
[PDF] Forester,https://static.oemdtc.com/QuickReferenceGuide/MSA5B1802A.pdf
[PDF] Maryland Consulting and Industrial Foresters Directory,https://dnr.maryland.gov/forests/documents/FS-1059_MD_Consulting_Industrial_Foresters_Directory.pdf
[PDF] secretary of state application for georgia forester registration by ...,https://sos.ga.gov/sites/default/files/forms/27%2520Forester%2520Application%2520by%2520Reciprocity.pdf
[PDF] LIST OF PRIVATE CONSULTING FORESTERS AVAILABLE FOR ...,https://wvforestry.com/pdf/Private_Consulting_Foresters.pdf
[PDF] NYSDEC Cooperating Forester Program,https://www.dec.ny.gov/docs/lands_forests_pdf/cooplist.pdf
[PDF] Service Forester Brochure.pub - CT.gov,https://portal.ct.gov/-/media/DEEP/forestry/landowner_assistance/Service-Forester-Brochure-5-4-2021.pdf
