[DOC] makara.us/AW-Comps/Clairvoyance.doc,http://makara.us/AW-Comps/Clairvoyance.doc
[DOC] https://uploads.documents.cimpress.io/v1/uploads/c...,https://uploads.documents.cimpress.io/v1/uploads/c7f2c63e-576a-4b52-87ad-d6883ea0f177~110/original%3Ftenant%3Dvbu-digital
[DOC] Our Seven Intuitive Intelligences - Counseling Services Of Portland,https://www.counseling-portlandoregon.com/wp-content/uploads/2016/09/0_Our_Seven_Intuitive_Intelligences.doc
"[DOC] City Hall, 525 Henrietta Street",https://martinez.granicus.com/MetaViewer.php%3Fmeta_id%3D25273%26view%3D1
[DOC] Press Release - Steve Holbrook,http://www.steveholbrook.co.uk/files/psw_11_pressrel.doc
[DOC] WHEN THE IMAGINARY BECOMES REAL AS SURREALISM SAID ...,https://dornsife.usc.edu/tools/mytools/PersonnelInfoSystem/DOC/Faculty/COLT/publication_1003588_10799.doc
[DOC] iMantram Aum Chivatum E,https://www.samaelgnosis.us/practice/files/aum_chivatun_e.doc
[DOC] Bridging Psychological Science and Transpersonal Spirit,https://www2.rivier.edu/faculty/pcunningham/research/a%2520primer%2520of%2520transpersonal%2520psychology.doc
[DOC] religionofthesamurai.doc,https://www.templeofearth.com/books/religionofthesamurai.doc
[DOC] Gaianar D20,https://0201.nccdn.net/1_2/000/000/0dd/26c/Gaianar-D20.doc
