[PPT] Skeletal System Gross Anatomy,http://www.uwosh.edu/faculty_staff/seamanm/humananat_211/lectures/lecture%25206t.ppt
[PPT] 19 - Oakton Community College,https://www.oakton.edu/user/3/ikhan/BIO%2520232%2520HUMAN%2520ANATOMY%2520%26%2520PHYSIOLOGY%2520II/ch_19_lecture_outline_c.ppt
[PPT] Negative Derifield,https://my.parker.edu/ICS/icsfs/Thompson.ppt%3Ftarget%3D2e501120-5c3d-40b2-b19e-51464a592da7
[PPT] SÍNDROME RADICULARS LUMBARS Hèrnia Discal. Canal Central,https://www.tauli.cat/hospital/images/SubSites/ServeiUrgencies/documents/PautesActuacio/Reumatologia/ciatica.ppt
[PPT] Slide 1,https://www.lahc.edu/classes/anatomy/nelson/H%2520Anat%2520Ch%25207%2520lec.%2520notes.ppt
[PPT] Applicable skill set to other sites of embolization Vascular Surgeons ...,http://www.crtonline.org/Assets/3e7b2a32-7658-4de4-a474-ac0544665d5a/635883078022070000/pm0225-barildonald-debatea-monday-ppt
[PPT] Extraembryonic blood vessels form during the early 3rd week,https://ecurriculum.som.vcu.edu/portal/resources/2009/grossanat/DevelVacularSupply/Powerpoint_DevelVacularSupply_Knapp.ppt
[PPT] 19 - VSC Authentication Portal,https://vsc.instructure.com/courses/26246/files/2833388/preview
[PPT] Ophiacodontidae - Stuart Sumida,http://www.stuartsumida.com/BIOL680-09/680-09Lecture5.ppt
[PPT] Slide 1 - Stuart Sumida,http://www.stuartsumida.com/BIOL680-09/680-09Lecture4.ppt
[PPT] SCOLIOSIS,http://lib.pt.cu.edu.eg/SCOLIOSIS.ppt
[PPT] Vull fer sport….. - Ajuntament de Ferreries,http://www.ajferreries.org/documents/documents/843docpub.ppt
[PPT] Estrés térmico - Govern Illes Balears,http://www.caib.es/sites/M09022008492529109507/formacio_i_informacio-47461/archivopub.do%3Fctrl%3DMCRST323ZI140612%26id%3D140612
[PPT] Estrés térmico - Govern Illes Balears,http://www.caib.es/sites/M09022008492529109507/ca/formacio_i_informacio-47461/archivopub.do%3Fctrl%3DMCRST323ZI140611%26id%3D140611
[PPT] Apresentació do PowerPoint - Menssana,http://www.menssana.cat/docs/L'%2520art%2520de%2520no%2520emmalaltir.pps
[PPT] ossos articulacions músculs,https://moodle.inscamidemar.cat/pluginfile.php/40035/mod_folder/content/0/LAPARELL%2520LOCOMOTOR%2520-%25203r%2520ESO.ppt%3Fforcedownload%3D1
[PPT] 중소기업 정보화촉진 대책 - Daum,http://cfile239.uf.daum.net/attach/170949164AE2579E6AF38F
[PPT] PowerPoint Presentation,https://noetparis.files.wordpress.com/2011/02/el-cos-humc3a0-i-la-salut.ppt
[PPT] Santral Sinir Sistemi Nöromediyatörleri Prof. Dr. Hakan KARADAĞ,http://www.hakankaradag.com/hakankaradag/Ders_Sunumlar_files/SSS_mediyato%25CC%2588rleri.ppt
