[PPT] Synchrony vs. Diachrony Saussure and Historical Linguistics,https://acikders.ankara.edu.tr/mod/resource/view.php%3Fid%3D51243
[PPT] Synchronic (structural) Linguistics Phonemics Phonetics Morphemics,https://www.d.umn.edu/claweb/faculty/troufs/anth1604/PowerPoint/ca-communication.pptx
[PPT] Here's your outline to get started,https://synchronic.uat.edu/files/595629/download%3Fdownload_frd%3D1
[PPT] Structure of Ibanag Nominals - ResearchGate,https://www.researchgate.net/profile/Philip_Rentillo/publication/331641825_A_synchronic_and_historical_look_at_Aklanon_phonology/links/5c854b7f92851c69506b1588/A-synchronic-and-historical-look-at-Aklanon-phonology
"[PPT] Mechanisms, … - University of Kent blogs",https://blogs.kent.ac.uk/jonw/files/2015/04/Leuridan2009.pptx
[PPT] Language Change and Variation - Amazon S3,https://s3-eu-west-1.amazonaws.com/s3-euw1-ap-pe-ws4-cws-documents.ri-prod/9780415835329/ch2/Ch2_Powerpoint_Slides.pptx
[PPT] PowerPoint Presentation,http://www.umsl.edu/~gradyf/theory/newhistor%26marx.pptx
[PPT] polysemy,https://windofspring.weebly.com/uploads/1/8/2/1/18216447/chapter_6.pptx
[PPT] topic 2 synchronic and diachronic study,https://www.iihs.edu.lk/mod/resource/view.php%3Fid%3D44619
[PPT] CS 4350: Fundamentals of Software Engineering CS 5500 ...,https://neu-se.github.io/CS4530-CS5500-Spring-2021/Slides/Lesson%25207.1%2520Bugs.pptx
