[PPT] A Pepper Primer - UC ANR,http://ucanr.edu/sites/sbc/files/197688.ppt
[PPT] Unit 2,https://www.cyut.edu.tw/teacher/ft00006/Unit%25202%2520Lesson%2520B.ppt
[PPT] PowerPoint Presentation - People@UTM - Universiti Teknologi ...,https://people.utm.my/mnazri/files/2020/02/WRITING-A-GOOD-RESUME.ppt
[PPT] Saturday Week 10 SEP 3 Unit 42-44,https://coedu.silla.ac.kr/coedu/index.php%3FpCode%3D1452824885%26pg%3D3%26mode%3Dfdn%26idx%3D598%26num%3D1
