[PDF] The Pee Test,https://srhd.org/media/documents/PeeTest.pdf
"[PDF] Yes, It's Ok to Pee in the Sea - American Chemical Society",https://www.acs.org/content/dam/acsorg/pressroom/reactions/infographics/its-ok-to-pee-in-the-sea.pdf
I couldn't pee when people were around - The BMJ,https://www.bmj.com/content/bmj/375/bmj.n2197.full.pdf
[PDF] GRETCHEN PEED SCHOLARSHIP FUND - Catawba County,https://www.catawbacountync.gov/site/assets/files/2210/Gretchen_Peed.pdf
[PDF] Thank You Richard Peed! - Beaufort County Health Department,https://www.bchd.net/Archive/ViewFile/Item/52
[PDF] Peed 1 COVID-19 Through A College Kids Eyes Garland Peed V ...,https://history.ucla.edu/sites/default/files/garland_peed.pdf
"[PDF] LORRIE MOORE ""People Like that are the Only People Here",https://blogs.commons.georgetown.edu/engl-459-spring2014/files/2014/01/Lorrie-Moore.pdf
[PDF] YADKIN-PEE DEE RIVER - NC.gov,https://files.nc.gov/deqee/documents/files/yadkin-river-basin.pdf
[PDF] Pee and Swimming - CDC,https://www.cdc.gov/healthywater/pdf/swimming/resources/2013/toilet_poster_pee_8.5X11_508_qr.pdf
"[PDF] Water Resources of the Yadkin-Pee Dee River Basin, North Carolina",https://pubs.usgs.gov/wsp/1415/report.pdf
[PDF] Deep In A Can I Peed - Digital Commons @ Butler University,https://digitalcommons.butler.edu/cgi/viewcontent.cgi%3Farticle%3D4344%26context%3Dwordways
[PDF] Avoid Pee Panic,https://nebraskaequine.com/storage/app/media/avoid-pee-panic.pdf
[PDF] NONPOINT SOURCE PROGRAM SUCCESS STORY - South Carolina,https://www.epa.gov/sites/production/files/2015-10/documents/sc_peedee.pdf
[PDF] Pee Dee Region - Cancer Profile - SCDHEC,https://scdhec.gov/sites/default/files/media/document/Pee%2520Dee%2520Region%2520Cancer%2520Profile%25202019.pdf
[PDF] Colli-Pee - Novosanis,https://novosanis.com/sites/default/files/Colli-Pee_SpecSheet_version2020-07A-EN.pdf
[PDF] Cape-France Enterprises v. Estate of Peed 29 P.3d 1011 (Mont. 2001),https://forthegenerations.org/wp-content/uploads/Cape-France-Peed.pdf
[PDF] Pee & Poop - UCLA Health,https://www.uclahealth.org/mattel/workfiles/newborn-manual/NewbornHandbookChapter3.pdf
[PDF] Does Your Cat Pee Outside the Litter Box - The Cat Vet of Hebron,https://catvetofhebron.com/wp-content/uploads/2016/08/Does-Your-Cat-Pee-Outside-the-Litter-Box.pdf
"[PDF] “Smile If You Just Peed A Little” Kenzie H. Lampe, PT, DPT When I ...",https://www.cheyennecountyhospital.com/sites/www/Uploads/files/News/Smile%2520If%2520You%2520Just%2520Peed%2520A%2520Little.pdf
Theodore Peed's Turtle Party - jstor,https://www.jstor.org/stable/26217381
[PDF] Pee Dee Workforce Development Area - SC Community Profiles,https://lmi.dew.sc.gov/lmi%2520site/Documents/CommunityProfiles/15000045.pdf
[PDF] AN INTRODUCTION TO PEEING WITH A CATHETER - Wellspect,https://www.wellspect.us/-/media/m3-media/wellspect/urology/1246335-felix-and-julia_girls.ashx
[PDF] Phil 1100 - How to PEE,"http://spot.colorado.edu/~heathwoo/phil1100,SP12/pee.pdf"
[PDF] To Pee Is To Be,https://www.vdh.virginia.gov/content/uploads/sites/23/2016/05/MED-3008.pdf
[PDF] W in d S p e e d M a p o f H a w a ii a t 3 0 M e t e r s W in d S p e e d ...,https://energy.hawaii.gov/wp-content/uploads/2011/10/Hawaii_FINAL_SPD30m_26July04.pdf
[PDF] W in d S p e e d M a p o f H a w a ii a t 5 0 M e t e r s W in d S p e e d ...,https://energy.hawaii.gov/wp-content/uploads/2011/10/Hawaii_FINAL_SPD50m_26July04.pdf
[PDF] Movement of Triploid Grass Carp in the Pee Dee River - NC Wildlife ...,https://www.ncwildlife.org/Portals/0/Fishing/documents/Movement%2520of%2520Triploid%2520Grass%2520Carp%2520in%2520the%2520Pee%2520Dee%2520River.pdf
[PDF] A-3636-15T3 STATE OF NEW JERSEY VS. JEROME PEED (02-07 ...,https://www.njcourts.gov/attorneys/assets/opinions/appellate/unpublished/a3636-15.pdf
[PDF] Glenn Peed t/a Glenn Drywall/Glenn Construction LLC.,https://www.dllr.state.md.us/license/mhic/pdf/mhic-17-687.pdf
total digestible nutrients as a measure of peed energy,https://academic.oup.com/jn/article-pdf/51/1/15/24177491/jn0510010015.pdf
[PDF] Having Your Urinary Catheter Removed After Gynecologic Surgery,https://www.mombaby.org/wp-content/uploads/2016/03/Bladder-Training-After-Foley.pdf
[PDF] Pediatric Urology Pee and Poop Diary - OHSU,https://www.ohsu.edu/sites/default/files/2021-01/Pee-and-Poop-Diary.pdf
[PDF] Q Qualtek gains S SuperSp peed wit th USB 3.0 - Digikey,https://www.digikey.com/Site/Global/Layouts/DownloadPdf.ashx%3FpdfUrl%3DE11724FE88B742319B5C50B972CF3881
[PDF] E3 T OOLS & SPECIALT Y ITEMS > H IGH S PEED DRILLS & SETS ...,https://rexel-cdn.com/products/db13k.pdf%3Fi%3D80ADBEEE-EAE8-4AE7-BCBC-8B2D3AF16002
an assay for serum theophyl - ScienceDirect.com,http://www.sciencedirect.com/science/article/pii/0378434784802303/pdf%3Fmd5%3D7175e496684445c110c5a62fe9f9cb39%26pid%3D1-s2.0-0378434784802303-main.pdf
[PDF] Morphological Index B u rst S p e e d,http://gambusia.zo.ncsu.edu/fig5.pdf
[PDF] peed - pdf.lowes.com,http://pdf.lowes.com/dimensionsguides/1000060107_meas.pdf
[PDF] PEE POSH WETLANDS RESTORATION - Gila River Indian ...,https://www.gricdeq.org/view/download.php/water-quality-program/media/pee-posh
[PDF] 6X4 NO PEE BREATHE FREE - TeamUnify,https://www.teamunify.com/va/UserFiles/File/6x4-no-pee-breathe-free_099506.pdf
[PDF] 15a ncac 02b .0309 yadkin-pee dee river basin,http://reports.oah.state.nc.us/ncac/title%252015a%2520-%2520environmental%2520quality/chapter%252002%2520-%2520environmental%2520management/subchapter%2520b/15a%2520ncac%252002b%2520.0309.pdf
