Index of /MEDIA SET/index.php/LASTNEWS/DOCS/Propovedi ... - size,"http://mediaset.sdasofia.org/MEDIA%2520SET/index.php/LASTNEWS/DOCS/Propovedi/%25D0%2594%25D0%25B2%25D0%25BE%25D0%25B9%25D0%25BD%25D0%25B8%25D1%2582%25D0%25B5%2520%25D0%25B8%25D0%25B3%25D1%2580%25D0%25B8%2520%25D0%25BD%25D0%25B0%2520%25D0%25BE%25D1%2584%25D0%25B8%25D1%2586%25D0%25B8%25D0%25B0%25D0%25BB%25D0%25BD%25D0%25B8%25D1%258F%2520%25D0%25B0%25D0%25B4%25D0%25B2%25D0%25B5%25D0%25BD%25D1%2582%25D0%25B8%25D0%25B7%25D1%258A%25D0%25BC-zxa_JWIyt3M.mkv%3Fsort%3Dname%26order%3Ddesc%26path%3DMusic_religious,%2520SDA/"
Jeepers Creepers 3-Cathedral_2017_titulky.CZ_1080p.mkv - Sdilej.cz,https://sdilej.cz/11200413/jeepers-creepers-3-cathedral-2017-titulky.cz-1080p.mkv
Hotel.Inferno.2013.720p.BluRay.x264.YIFY.české titulky.mkv,https://fastshare.cz/17823332/hotel.inferno.2013.720p.bluray.x264.yify.ceske-titulky.mkv
Jeepers Creepers.mkv online ke zhlédnutí a stažení - FastShare,https://fastshare.cz/15269946/jeepers-creepers.mkv
[XTORRENTY.ORG] Fame.MMA.12.PL.1080p.PPV.WEB-DL.H.264 ...,https://chomikuj.pl/Adamix1007/Sk*c5*82adanki%2BMP3/*5bXTORRENTY.ORG*5d%2BFame.MMA.12.PL.1080p.PPV.WEB-DL.H.264-RX.mkv
Inspector.Street.2013.720p.HDTV.Legendado.PT-BR.mkv torrent,https://btdig.com/00deef07d4c7b9527c29d11621f4b2a2856c6e7c/inspector.street.2013.720p.hdtv.legendado.pt%3Dbr.mkv
