[PPT] Incorporating a cadaver into the VCCS classroom,https://www.lifescitrc.org/download.cfm%3FsubmissionID%3D2486
[PPT] Your Relationship with the Cadavers - Johanna Shapiro,http://johannashapiro.org/presentations_mh/Your-Relationship-with-the-Cadavers.ppt
[PPT] Cadaver Physical Assessment Form,http://users.misericordia.edu/aserino/476/Cadaver%2520Physical%2520Assessment%2520Form.ppt
"[PPT] Dr.Sunil Shroff, www.mohanfoundation.org Cadaver Transplant in Asia",https://www.medindia.net/slides/ppt/Cadaver-Organ-Donation.ppt
[PPT] Visible Human Dataset - Milano Mirror Site (an introduction to VHD),https://www.nlm.nih.gov/research/visible/vhpconf98/AUTHORS/GUGLIELM/TUTORIAL/VHD_MMS.PPT
[PPT] Excell - ANZDATA,https://www.anzdata.org.au/wp-content/uploads/2016/12/Transplant.ppt
[PPT] Excell - ANZDATA,https://www.anzdata.org.au/wp-content/uploads/2016/12/ANZOD2004part2.ppt
[PPT] FORENSIC ENTOMOLOGY - Alvin ISD,http://www.alvinisd.net/cms/lib03/TX01001897/Centricity/Domain/1071/Ch%252013%2520Forensic%2520Entomology%2520ppt.ppt
[PPT] Cadaver Transplantation in India - MOHAN Foundation,http://www.mohanfoundation.org/slides/5.pps
[PPT] Death,https://www.ardsleyschools.org/site/handlers/filedownload.ashx%3Fmoduleinstanceid%3D6307%26dataid%3D1018%26FileName%3DChapter%25208-%2520Death%2520and%2520the%2520Body.ppt
[PPT] Formation of the cadaver decomposition island (CDI).,https://sp.lyellcollection.org/content/384/1/209.powerpoint
[PPT] If you wanted to separate the thoracic cavity from the abdominal ...,http://www.lemonbayhigh.com/docs/uploads/ChabotS/Chap%252013.ppt
[PPT] Anatomy & Physiology,http://www.mpsaz.org/westwood/staff/tlblondis/class2/body_planes/files/anatomyandphysiologyintroduction.ppt
[PPT] Causes of deaths (time period 1934-1959) Causes ... - ResearchGate,https://www.researchgate.net/profile/Maria_Piagkou/publication/335192582_Cadavers'_dissection_in_the_Departments_of_Anatomy_in_Greece_The_body_donation_programs/links/5d55c18992851cb74c6f9604/Cadavers-dissection-in-the-Departments-of-Anatomy-in-Greece-The-body-donation-programs
[PPT] Trauma Outreach,https://www.health.ny.gov/professionals/ems/state_trauma/docs/2013-01_trauma_outreach_injury_prevention_presentation.ppt
[PPT] HACCP-Based Inspection Models Project: Baseline Results for ...,https://www.fsis.usda.gov/sites/default/files/media_file/2020-10/Models1.ppt
[PPT] 21. gnarled [naarld] - Humble ISD,http://www.humbleisd.net/cms/lib2/TX01001414/Centricity/Domain/2413/WTM_ch._4-13_Vocabulary.ppt
[PPT] PowerPoint Slide,https://www.rehab.research.va.gov/jour/2012/492/powerpoint/gustafson492f01.ppt
[PPT] Status Report of the BioRID TEG - UNECE,https://unece.org/DAM/trans/doc/2015/wp29grsp/GRSP-58-18e.ppt
[PPT] PowerPoint Slide - Science and Education Publishing,http://pubs.sciepub.com/portal/exportppt%3Fdoi%3D10.12691/ajmr-5-1-4%26filename%3Dtab1.png%26ins%3DTable%25201.%2520The%2520results%2520of%2520all%2520Cadaver%2520sample%2520on%2520Nutrient%2520Agar%2520and%2520SDA
"[PPT] Table 5.1.1: Stock and Flow of Renal Transplantation, 1997-2006",http://www.mst.org.my/ntrSite/donwload/report2006/chapter%25205.ppt
[PPT] sarcolemma leakage thickening of the ... - University of Pittsburgh,http://www.pitt.edu/~super7/1011-2001/2001.ppt
[PPT] Adductor Canal Hunter's Canal Subsartorial Canal,http://14.139.121.113:8083/jspui/bitstream/123456789/2335/1/4.%2520Adductor%2520Canal-%2520Mrs.%2520Priyanka.ppt
[PPT] Teaching Procedural Skills - M Simulation,https://msimulation.umn.edu/sites/simulation.umn.edu/files/2020-07/procedure_skills.ppt
[PPT] Forensic Science International,https://ksgarvin.files.wordpress.com/2008/04/garvin.ppt
[PPT] Brain Model for Microelectrode Implantation Testing,http://www.uic.edu/labs/AMReL/NSFREU2006/presentations/Sandy-Mark.ppt
[PPT] Prions (CJD) and Processing of Reusable Medical Products,https://vtwqt464m234djrhbie88e10-wpengine.netdna-ssl.com/wp-content/uploads/2017/10/prions.ppt
[PPT] Coronal Human Cadaver Tongue,http://isle.illinois.edu/speech_web_lg/slides/2000/Ax_Humantongue.ppt
[PPT] Cultural Competency - Nevada HOSA,https://www.nevadahosa.org/wp-content/uploads/2020/01/Cultural-Competency.ppt
[PPT] First successful cadaver Kidney Transplant in India at KEM Hospital ...,http://www.organdonationindore.org/downloads/organdonation.ppt
