[DOC] A comparative analysis of scenarios for m-business - Foresight For ...,http://www.foresightfordevelopment.org/sobipro/download-file/46-69/54
[DOC] Definition of terms: - Civil Engineering Portal,https://engineeringcivil.com/wp-content/uploads/2647/2647.doc
[DOC] Adjectives That Describe a,https://www.bville.org/tfiles/folder57/Adjectives%2520That%2520Describe%2520a.doc
[DOC] 2007-2008 Bill 3491: Town of Lake View centennial celebration ...,https://www.scstatehouse.gov/sess117_2007-2008/bills/3491.doc
[DOC] 2007-2008 Bill 427: Town of Lake View - South Carolina Legislature ...,http://www.scstatehouse.gov/sess117_2007-2008/bills/427.doc
[DOC] Governing Development in Africa: The Role of the State in Economic ...,https://au.int/sites/default/files/speeches/29898-sp-joint_au_eca_meeting_2011_experts_mm1_0.doc
[DOC] TECHNOLOGY FORESIGHT,http://pcst.org.pk/docs/Agriculture%2520Report%2520FINAL%252024-06-2013.doc
[DOC] PUBLIC ACQUISITION OF THE MANUFASCTURERES WATER ...,https://www.scrippa.org/sites/default/files/downloads/MWCAquisition.doc
[DOC] Faculty Breakout Session – Rutz Group,https://apps.carleton.edu/accreditation/assets/Faculty_Breakout_Rutz_names_removed.doc
[DOC] Phil - Yale University,https://campuspress.yale.edu/keithderose/files/2015/11/126-Leibniz-passages-1emejyh.doc
[DOC] A4 Robber Baron vs. Captain of Industry.doc - Madison County ...,https://www.madison-schools.com/cms/lib9/MS01001041/Centricity/Domain/2025/A4%2520Robber%2520Baron%2520vs.%2520Captain%2520of%2520Industry.doc
[DOC] Europass-Zeugniserläuterung - KMK,https://www.kmk.org/fileadmin/Dateien/pdf/Bildung/BeruflicheBildung/EUROPASS/EN_EuPass-FS-Wirtschaft_14-07-08.doc
[DOC] You Don't Have to be Wealthy to Leave a Legacy - Fort Dodge ...,http://www.fd-foundation.org/site_files/editor_files/image/file/July%25202017-%2520Leave%2520a%2520Legacy.doc
[DOC] Safety Regulations for Science Students,http://www.oakparkusd.org/cms/lib5/CA01000794/Centricity/Domain/328/Safety%2520Regulations%2520for%2520Science%2520Students.doc
[DOC] How TerraSAR-X Quadpol data can help describing crop canopies,https://elib.dlr.de/69775/1/ISRSE_TSX_quadpoldata_comparison_2011_SG.doc
[DOC] Paternalistic arguments advocate forcing or manipulating individuals ...,http://www.csun.edu/~dgw61315/TIS3.doc
"[DOC] Application for a Research, Scholarship, and Creativity Grant",https://gustavus.edu/kendallcenter/grant-opportunities/documents/WRENrsc.doc
[DOC] Mediation as Information Management:,http://www.sscnet.ucla.edu/polisci/faculty/boneill/index_files/medapsa4.doc
[DOC] abstract for PICES symposium 2015,https://www.pices.int/outgoing/2020-MSEAS/Abstracts/S3/14727_Koenigstein-ss.doc
[DOC] EIASM Conference Workshop on Organisational Change and ...,http://www.eiasm.org/userfiles/file/Essen%252014%2520draft%25201.doc
[DOC] Transcript of Media Teleconference (DOC - 112 KB) - NASA,https://www.nasa.gov/279987main_0929MT.DOC
[DOC] PA_Legam - European Parliament,https://www.europarl.europa.eu/doceo/document/BUDG-AD-492558_EN.doc
[DOC] - I'm gonna give you - USDA Forest Service,http://www.fs.fed.us/video/tidwell/vilsack.doc
"[DOC] Homework Due Tuesday, November 13th - UNF",https://www.unf.edu/~hstranah/pfhmwk3.doc
[DOC] The Production of Professional School Counselors in Georgia,https://www.westga.edu/share/documents/pubs/000264_.doc
[DOC] Book Project,http://www.uhstitans.com/%3Fa%3DFiles.Serve%26File_id%3DABF3062D-6FDC-40AA-A8CE-63A55F9AB314
[DOC] Department of Information Sciences,http://www.nsfc.gov.cn/Portals/0/fj/english/fj/pdf/2008/01_061.doc
[DOC] 5,https://www.duq.edu/assets/Documents/jpic/_pdf/ICR.Contribs.book.chapter.doc
"[DOC] Grade 1, 1 of 6",https://alba-valb.org/wp-content/uploads/2014/10/SS_LP12_Isolationism_To_Interventionism.doc
