"[PPT] pensive serious or deep thought, dreamily thoughtful",https://www.lcps.org/cms/lib4/VA01000195/Centricity/Domain/10379/TBTR%2520SM%2520vocab%2520pp.pptx
[PPT] Pensive - University of Alaska System,https://coeng.uaa.alaska.edu/innovation/wp-content/uploads/2020/10/2015-Pensive-AAVCSCVS-ParkerPresentation.pptx
[PPT] Genigraphics Research Poster Template 24x36,https://coeng.uaa.alaska.edu/innovation/wp-content/uploads/2020/10/2015-Pensive-AAVCSCVS-ParkerPoster.pptx
[PPT] Lesson One,https://www.fusd1.org/site/handlers/filedownload.ashx%3Fmoduleinstanceid%3D17673%26dataid%3D26748%26FileName%3DLesson%25201%2520Vocab%25209.pptx
[PPT] LITERACY PRESENTATION,https://www.browardschools.com/cms/lib/FL01803656/Centricity/Domain/8806/literacy%2520PPT.pptx
[PPT] CULTURAL & SPIRITUAL LIFE at NORTHEASTERN THE CENTERS,https://www.northeastern.edu/cultural-life/wp-content/uploads/2021/07/Cultural-and-Spiritual-Life-Centers.pptx
[PPT] Gothic Elements or Characteristics - Lyndhurst School District,https://www.lyndhurstschools.net/userfiles/45/Classes/43156//userfiles/45/my%2520files/gothic%2520elements%2520or%2520characteristics.pptx%3Fid%3D554115
[PPT] Adaptive Bitrate Selection (ABR) Algorithms HTTP-based Adaptive ...,https://www.ucc.ie/en/media/research/misl/2020presentations/smash.pptx
[PPT] CS 106B Lecture Slides,https://web.stanford.edu/class/archive/cs/cs106b/cs106b.1164//lectures/19-Trees2/19-Trees2.pptx
[PPT] https://ny24000063.schoolwires.net/cms/lib/NY24000...,https://ny24000063.schoolwires.net/cms/lib/NY24000063/Centricity/Domain/270/3-5%25203rd%2520Quarter%2520review.pptx
[PPT] The Glass Menagerie,https://www.cusd80.com/cms/lib/AZ01001175/Centricity/Domain/309/Vocabulary%2520Parts%25202%2520and%25203.pptx
[PPT] Chaucer's The Canterbury Tales - Humble ISD,http://www.humbleisd.net/cms/lib2/TX01001414/Centricity/Domain/4923/CT%2520-%2520Introductory%2520PowerPoint.pptx
[PPT] The Outsiders - Moore Public Schools,https://www.mooreschools.com/cms/lib/OK01000367/Centricity/Domain/1514/The%2520Outsiders%2520Bellwork%25203.pptx
[PPT] Macbeth,http://www.mcpsmt.org/cms/lib03/MT01001940/Centricity/Domain/493/Macbeth.pptx
[PPT] Major Themes - Harvard Canvas,https://canvas.harvard.edu/files/2802252/download%3Fdownload_frd%3D1%26verifier%3DjwU1fqacflnccIbLpgFvagFTJ7P8kM19SRMt4nhh
[PPT] OASIS: Integrating Standards for Requirements for common data ...,https://www.nist.gov/document/borraspptx
[PPT] fear of …… hotline numbers,https://www.multnomahesd.org/uploads/1/2/0/2/120251715/module_5.ppsx
[PPT] Thanatopsis,http://www.jessamine.k12.ky.us/userfiles/1028/Classes/2590/Thanatopsis2012-1.pptx
[PPT] We are Brenda Fuhr & Katie Honomichl,https://macada.wildapricot.org/resources/Documents/How%2520to%2520People%2520When%2520You%2520Just%2520Can't%2520People%2520No%2520More_%2520An%2520Introverted%2520Advisor's%2520Diary%2520to%2520Faking%2520It.pptx
[PPT] Scarlet Ibis Notes,https://www.movalley.org/cms/lib/PA01916144/Centricity/Domain/176/Scarlet%2520Ibis%2520notes%2520tech%2520prep.pptx
[PPT] CH 9 Vocabulary Slides - Madison County Schools,http://www.madison-schools.com/cms/lib9/MS01001041/Centricity/Domain/2629/CH%25209%2520Vocab%2520Slides.pptx
[PPT] Kathe Kollwitz Champion for the rights of the underprivileged,https://hti.osu.edu/sites/hti.osu.edu/files/kollwitz__part_2_human_cost_of_war.pptx
[PPT] Vocabulary PPT Chapters 8-10 - Portaportal,https://guest.portaportal.com/downloads%3Fi%3DMTMzMDk3Mjc%3D
[PPT] Slide 1,https://sites01.lsu.edu/faculty/kharms/wp-content/uploads/sites/23/2017/05/Lecture4_ConsValuesAndEthics_Fall2012.pptx
"[PPT] Anthology Poems at a glance: Meaning (M), Context (C), Quotes (Q ...",https://susansenglish.files.wordpress.com/2019/06/writing-creative.pptx
[PPT] Nature and Wellbeing - WordPress.com,https://culturenaturewellbeing.files.wordpress.com/2016/11/nature-wellbeing.pptx
[PPT] Vietnam Veterans Memorial,https://www.csus.edu/indiv/o/obriene/art112/lectures/memory%2520and%2520history%25201.pptx
[PPT] PowerPoint Presentation,https://cpb-ca-c1.wpmucdn.com/myriverside.sd43.bc.ca/dist/f/613/files/2014/04/Heidi-and-Ericas-Illustrated-Poem-video-done-2kf8hz9.pptx
[PPT] Revelation 2:18–29 “And to the angel of the church in Thyatira write ...,http://www.sabc.org/uploads/1/2/2/1/12211165/weds_10_15-10-28_rev_2-18_to_2-29_pp.pptx
[PPT] PowerPoint Presentation - Whitfield St James' CE (VC) Primary School,https://www.whitfieldstjamesprimary.co.uk/wp-content/uploads/2020/06/VOCAB9.pptx
[PPT] Kitano Takeshi - Waseda,http://www.f.waseda.jp/norm/Japanesefilms19/kitano219.pptx
[PPT] Hey You! KS2 Reading - Penguin Books,https://www.penguin.co.uk/content/dam/prh/campaigns/penguin/lit-in-colour/Hey-You-KS2-Reading-Resource-Pack.pptx
[PPT] Mama Day,https://usu.instructure.com/courses/677252/files/82883853/download%3Fdownload_frd%3D1%26verifier%3DQSCSL4uIofD5FMnKrgmDe4HH0fxDzVRb5DdjSKOA
[PPT] 프레젠테이션6,https://jkms.org/ViewImage.php%3FType%3DFP%26aid%3D732629%26id%3DF1%26afn%3D63_JKMS_37_11_e85%26fn%3Djkms-37-e85-g001_0063JKMS
[PPT] Act 3 - Laurel County Schools,http://www.laurel.k12.ky.us/userfiles/754/Classes/60331/act%25204.pptx%3Fid%3D70996
[PPT] PowerPoint Presentation,http://www.thomas.k12.ga.us/userfiles/291/Classes/2815/Vocabulary%2520Power%2520Plus%2520College%2520and%2520Career%2520ReadinessLevel1Lesson1.pptx
[PPT] POETRY ANALYSIS - Hutton Rudby Primary School,https://www.huttonrudbyprimary.co.uk/wp-content/uploads/2021/01/Inferences-lesson-2.pptx
[PPT] PowerPoint Presentation,http://faculty.risd.edu/bcampbel/yorubaartandaesthtices-inthefolktradition.pptx
[PPT] Introduction - School of English and American Studies (SEAS),http://seas3.elte.hu/coursematerial/GardosBalint/Introduction_class_description_final.pptx
