[PPT] Imitating the Grammar of the Greats! - Cobb Learning,http://www.cobblearning.net/rsanford/files/2015/10/Chunking-to-Imitate-grammar-of-the-greats-intro-lesson-1-1qcv84w.pptx
[PPT] Overimitation,http://www2.southeastern.edu/Academics/Faculty/mrossano/grad_cog/presentation%2520power%2520points/Overimitation.pptx
[PPT] Early learning by imitation - WordPress.com,https://sej34.files.wordpress.com/2020/04/learning-by-imitation.pptx
[PPT] Sentence Imitation,http://www.allenisd.org/cms/lib/TX01001197/Centricity/Domain/1097/Sentence%2520Imitation.pptx
[PPT] Sentence Imitation Notebook Entries - Taylor County Schools,http://www.taylor.kyschools.us/userfiles/1375/Classes/42432/Sentence%2520Imitation%2520Notebook%2520PPT-0.pptx
[PPT] Observance and imitation - WordPress.com,https://islamicstudiesbymuqith.files.wordpress.com/2020/03/observance-and-imitation-gr-12.pptx
[PPT] Fostering Social Cognition through an Imitation,https://www.karger.com/Article/Powerpoint/441111
[PPT] Bayesian networks,https://courses.grainger.illinois.edu/ece448/sp2022/slides/lec35.pptx
[PPT] Planning for High Quality Early Childhood Programming for Young ...,https://www.gvsu.edu/cms4/asset/64CB422A-ED08-43F0-F795CA9DE364B6BE/teaching_play_powerpoint_2.pptx
[PPT] Barriers to Imitation,http://kimboal.ba.ttu.edu/MGT%25204380%2520FL%252009/005/BOS_Conclusion.pptx
[PPT] Prepositional Phrases,https://www.abileneisd.org/download-attachment/3671
[PPT] Mise-en-scene II: Imitation of Life - UCI Canvas,https://canvas.eee.uci.edu/files/295394/download%3Fdownload_frd%3D1%26verifier%3DPG76vHkTW6I2JtAfqldJSsW1phztvTcEg1w0zqpl
[PPT] PowerPoint Presentation - Seattle Children's,https://www.seattlechildrens.org/globalassets/documents/health-and-safety/autism/autism_204-naturalistic_developmental_behavioral_interventions_for_autism_spectrum_disorder_final.pptx
[PPT] Thoughts about Theories in Imitation and Social Learning in Robots ...,https://bi.snu.ac.kr/Courses/ann15f/presenter/ISL_ch1.pptx
[PPT] Cognitive Development in Infancy - myCourses,https://mycourses.unh.edu/courses/7218/files/195559/download
[PPT] Applications of Bandura's theory - Illinois State University,https://about.illinoisstate.edu/vfdouga/files/2019/10/Applications-of-Bandura%25E2%2580%2599s-theory.pptx
[PPT] observational learning. What research did Bandura conduct?,https://www.boe.dcboe.com/userfiles/115/Classes/1111/mod%252030.pptx%3Fid%3D14037
[PPT] Self-Imitation Learning via Generalized Lower Bound Q-learning,http://helper.ipam.ucla.edu/publications/dlc2021/dlc2021_17004.ppt
[PPT] Materials and Prep Activity Layout cont. Warm Up,https://ohiodnr.gov/static/documents/wildlife/education/Growing%2520Up%2520Wild%2520Workshop%2520Presentation%2520Sample.pptx
[PPT] DIT- EDIP Lesson Structure - Boot Camp & Military Fitness Institute,https://bootcampmilitaryfitnessinstitute.com/wp-content/uploads/2013/04/dit-lesson-06-edip-lesson-structure.pptx
[PPT] Biomimicry: nature inspired design,https://www.tempe.gov/home/showdocument%3Fid%3D53350
[PPT] Unsupervised Perceptual Rewards For Imitation Learning,http://www.cs.columbia.edu/~allen/S19/NEWER_SLIDES/Unsupervised_Rewards_Presentation_mes2311_2019.pptx
[PPT] Review/discussion Covert channels Why imitating existing protocols ...,https://people.cs.umass.edu/~phillipa/notes/L17.pptx
[PPT] EXPLORING PSYCHOLOGY (7th Edition in Modules) David Myers,https://www.gvsd.org/cms/lib/PA01001045/Centricity/Domain/549/Observational%2520Learning-Module%252030.pptx
[PPT] Plato's Philosophy of Art,https://tfreeman.net/resources/Phil-330/Aristotle's-Philosophy-of-Art.pptx
[PPT] Do I really need more shots? - NJ.gov,https://www.nj.gov/health/cd/documents/vpdp/dose_of_prevention.pptx
[PPT] IMITATION,https://academics.su.edu.krd/public/profiles/salahaddin.baper/teaching/teaching-530-23529-1622796987-1.pptx
[PPT] the original imitation game [Turing '50] 75% “Definition”,https://www.math.ias.edu/~avi/TALKS/Public%2520Lecture_ImitationGame_2021.pptx
[PPT] Learning Drivers through Imitation using Supervised Methods,https://www.cs.bgu.ac.il/~sipper/courses/atea102/ValeryFrolov.pptx
[PPT] Investigating Bradford speakers' ability to imitate a SSBE accent,https://www.researchgate.net/profile/Lucy-Jackson/publication/327403162_IAFPA_Annual_Conference_2018_Presentation_Investigating_Bradford_speakers'_ability_to_imitate_a_SSBE_accent_Implications_for_forensic_phonetics/links/5b8d582092851c6b7eb93ebc/IAFPA-Annual-Conference-2018-Presentation-Investigating-Bradford-speakers-ability-to-imitate-a-SSBE-accent-Implications-for-forensic-phonetics
[PPT] Adam smith on Rousseau: Five items - Institute of Intellectual History,https://intellectualhistory.net/s/Adam-Smith-on-Rousseau.pptx
[PPT] Child Directed Interaction The Do Rules Imitation PRIDE,https://www.crs.org/sites/default/files/crs-files/session_four_-_child-directed_interaction.pptx
[PPT] Slides - Jianren Wang,http://www.jianrenw.com/cloud/resources/slides.pptx
[PPT] Marketing communication and unfair competition - WIPO,https://www.wipo.int/edocs/mdocs/mdocs/en/wipo_ipl_ge_16/wipo_ipl_ge_16_t7.pptx
[PPT] Optimal policy p Reinforcement Learning (RL) Expert's Trajectories s ...,http://humancompatible.ai/assets/documents/Ermon%2520-%2520Generative%2520Adversarial%2520Imitation%2520Learning.pptx
[PPT] Reinforced Cross-Modal Matching and Self-Supervised Imitation ...,http://colalab.org/media/seminars/vln2.pptx
[PPT] Early Start Denver Model: - WVSHA,https://www.wvsha.org/wp-content/uploads/events-manager-uploads/session-handouts/FINAL%2520WVSHA%25202019%2520presentation%2520on%2520ESDM.pptx
[PPT] 2 Timothy PowerPoint slides and charts - Bible Study Lessons,https://www.biblestudylessons.com/powerpoint/2timothy.pptx
[PPT] Patterns of Power By: Jeff Anderson with Whitney La Rocca,https://www.excelleadershipacademy.org/wp-content/uploads/2019/04/Patterns-of-Power-Workshop.pptx
[PPT] The imitation game: How glioblastoma outmaneuvers immune attack,https://www.cell.com/cell/ppt/S0092-8674(21)00443-8.ppt
