[DOC] Alexandria Brewing Company Exhibits.docx,https://www.lib.purdue.edu/sites/default/files/directory/butler38/Alexandria%2520Brewing%2520Company%2520Exhibits.docx
[DOC] MAY 2021 NET BEER SALES TO IMPORTERS DISTRIBUTORS.docx,https://lcb.wa.gov/sites/default/files/publications/Public_Records/2019/MAY%25202021%2520NET%2520BEER%2520SALES%2520TO%2520IMPORTERS%2520DISTRIBUTORS.docx
[DOC] DEC 2020 NET BEER SALES TO IMPORTERS DISTRIBUTORS.docx,https://lcb.wa.gov/sites/default/files/publications/Public_Records/2019/DEC%25202020%2520%2520NET%2520BEER%2520SALES%2520TO%2520IMPORTERS%2520%2520DISTRIBUTORS.docx
[DOC] The Brewery CFO Workshop Questions1.docx,https://www.beveragebusinessbuilders.com/sites/default/files/The%2520Brewery%2520CFO%2520Workshop%2520Questions1.docx
[DOC] Minimum Standard GBPs for Breweries - Master Brewers Association,https://www.mbaa.com/brewresources/foodsafety/haccp/Documents/MBAAGoodBrewingPractices25April2018.docx
[DOC] there's no “i” in beer - Snake River Brewery,http://www.snakeriverbrewing.com/wp-content/uploads/2012/04/Wyoming-Lifestyle-Article-Mar-2012-WYPA-Collaboration.docx
[DOC] https://growlermag.com/bob-and-pete-delanges-wacon...,https://growlermag.com/bob-and-pete-delanges-waconia-brewing/g15-now-open-or-damn-close-final/
[DOC] Institute of Brewing and Distilling,https://radar.brookes.ac.uk/radar/file/6769e2c6-a2f7-41a9-972c-8d9031de3756/1/Donations%2520list%25202013.docx
[DOC] Fork and Brewer Bio - NET,https://clubrunner.blob.core.windows.net/00000013146/en-us/files/homepage/fork-and-brewer-bio/Fork-and-Brewer-1908-20.docx
[DOC] Community-Donation-Days-2021.docx - Backslope Brewing,https://backslopebrewing.com/s/Community-Donation-Days-2021.docx
